# Frame-by-frame normalized mouth-region optical motion for reel_c1 (945.0s - 985.0s)
# Summary: ma min=0.0056, max=0.6114, eq1.0=0 | mb min=0.0000, max=0.9091, eq1.0=0
# frame_idx	time_sec	mouth_spk_a	mouth_spk_b	diff (a - b)
   0	 945.000	0.1879	0.0631	+0.1248
   1	 945.033	0.2466	0.0631	+0.1835
   2	 945.067	0.2960	0.1003	+0.1957
   3	 945.100	0.3363	0.1432	+0.1931
   4	 945.133	0.4679	0.1939	+0.2740
   5	 945.167	0.4874	0.2121	+0.2753
   6	 945.200	0.4491	0.4132	+0.0359
   7	 945.233	0.4001	0.5624	-0.1623
   8	 945.267	0.3550	0.5762	-0.2213
   9	 945.300	0.3079	0.5390	-0.2312
  10	 945.333	0.2676	0.5189	-0.2514
  11	 945.367	0.1388	0.5019	-0.3631
  12	 945.400	0.0914	0.4885	-0.3971
  13	 945.433	0.0536	0.3020	-0.2484
  14	 945.467	0.0366	0.1921	-0.1555
  15	 945.500	0.0331	0.3422	-0.3091
  16	 945.533	0.0476	0.5164	-0.4688
  17	 945.567	0.0589	0.6715	-0.6126
  18	 945.600	0.0970	0.6755	-0.5786
  19	 945.633	0.1220	0.6805	-0.5585
  20	 945.667	0.2775	0.6785	-0.4010
  21	 945.700	0.3045	0.6546	-0.3501
  22	 945.733	0.3362	0.5220	-0.1857
  23	 945.767	0.3401	0.3749	-0.0348
  24	 945.800	0.3669	0.2144	+0.1525
  25	 945.833	0.3586	0.1961	+0.1624
  26	 945.867	0.3533	0.1746	+0.1787
  27	 945.900	0.2075	0.1436	+0.0639
  28	 945.933	0.2049	0.1157	+0.0893
  29	 945.967	0.3103	0.1054	+0.2048
  30	 946.000	0.3281	0.2023	+0.1258
  31	 946.033	0.3157	0.2964	+0.0194
  32	 946.067	0.3002	0.3583	-0.0581
  33	 946.100	0.2773	0.3877	-0.1104
  34	 946.133	0.2752	0.4684	-0.1932
  35	 946.167	0.2611	0.4983	-0.2372
  36	 946.200	0.1393	0.4773	-0.3380
  37	 946.233	0.1352	0.3551	-0.2199
  38	 946.267	0.2599	0.2449	+0.0150
  39	 946.300	0.2724	0.1680	+0.1044
  40	 946.333	0.3033	0.1636	+0.1397
  41	 946.367	0.3364	0.0985	+0.2379
  42	 946.400	0.3572	0.0686	+0.2886
  43	 946.433	0.3762	0.0686	+0.3076
  44	 946.467	0.3573	0.0668	+0.2906
  45	 946.500	0.2375	0.1149	+0.1226
  46	 946.533	0.2721	0.1123	+0.1598
  47	 946.567	0.2540	0.0757	+0.1783
  48	 946.600	0.2506	0.0790	+0.1716
  49	 946.633	0.2534	0.1065	+0.1469
  50	 946.667	0.3695	0.1354	+0.2341
  51	 946.700	0.3789	0.2297	+0.1492
  52	 946.733	0.3650	0.2991	+0.0659
  53	 946.767	0.3166	0.3700	-0.0534
  54	 946.800	0.3049	0.4149	-0.1100
  55	 946.833	0.2713	0.4283	-0.1570
  56	 946.867	0.2399	0.4312	-0.1913
  57	 946.900	0.0962	0.4446	-0.3484
  58	 946.933	0.0888	0.4024	-0.3136
  59	 946.967	0.0847	0.3462	-0.2614
  60	 947.000	0.0895	0.3332	-0.2437
  61	 947.033	0.1028	0.3400	-0.2372
  62	 947.067	0.1173	0.3508	-0.2335
  63	 947.100	0.1189	0.3464	-0.2275
  64	 947.133	0.2609	0.3116	-0.0507
  65	 947.167	0.2528	0.2621	-0.0093
  66	 947.200	0.2462	0.1996	+0.0465
  67	 947.233	0.3792	0.1493	+0.2299
  68	 947.267	0.3652	0.1075	+0.2577
  69	 947.300	0.3580	0.0787	+0.2793
  70	 947.333	0.3595	0.0730	+0.2865
  71	 947.367	0.2068	0.0962	+0.1106
  72	 947.400	0.2073	0.1150	+0.0923
  73	 947.433	0.2114	0.1212	+0.0902
  74	 947.467	0.0700	0.1176	-0.0475
  75	 947.500	0.0670	0.1129	-0.0459
  76	 947.533	0.0654	0.1180	-0.0526
  77	 947.567	0.0626	0.1399	-0.0773
  78	 947.600	0.0610	0.1611	-0.1001
  79	 947.633	0.0552	0.2534	-0.1982
  80	 947.667	0.0499	0.4279	-0.3780
  81	 947.700	0.0449	0.5944	-0.5495
  82	 947.733	0.0422	0.6502	-0.6080
  83	 947.767	0.0362	0.6532	-0.6170
  84	 947.800	0.0356	0.6141	-0.5785
  85	 947.833	0.0368	0.5654	-0.5286
  86	 947.867	0.0378	0.4547	-0.4169
  87	 947.900	0.2015	0.3009	-0.0994
  88	 947.933	0.2080	0.1408	+0.0671
  89	 947.967	0.2147	0.0715	+0.1432
  90	 948.000	0.2215	0.0730	+0.1485
  91	 948.033	0.2259	0.1085	+0.1174
  92	 948.067	0.2282	0.1549	+0.0733
  93	 948.100	0.2302	0.2339	-0.0037
  94	 948.133	0.0728	0.2540	-0.1812
  95	 948.167	0.0686	0.2595	-0.1909
  96	 948.200	0.0632	0.3087	-0.2455
  97	 948.233	0.0555	0.3032	-0.2477
  98	 948.267	0.0621	0.2883	-0.2262
  99	 948.300	0.0592	0.2558	-0.1966
 100	 948.333	0.0661	0.1796	-0.1135
 101	 948.367	0.0609	0.1572	-0.0963
 102	 948.400	0.0661	0.1395	-0.0734
 103	 948.433	0.0626	0.4546	-0.3920
 104	 948.467	0.0788	0.4356	-0.3568
 105	 948.500	0.0874	0.4117	-0.3243
 106	 948.533	0.1020	0.3946	-0.2926
 107	 948.567	0.1082	0.3890	-0.2807
 108	 948.600	0.1459	0.3644	-0.2185
 109	 948.633	0.1793	0.3644	-0.1851
 110	 948.667	0.3089	0.0000	+0.3088
 111	 948.700	0.3048	0.0000	+0.3048
 112	 948.733	0.3020	0.0000	+0.3020
 113	 948.767	0.2870	0.0000	+0.2870
 114	 948.800	0.2736	0.0000	+0.2736
 115	 948.833	0.2471	0.0000	+0.2471
 116	 948.867	0.2093	0.0000	+0.2093
 117	 948.900	0.0768	0.0000	+0.0768
 118	 948.933	0.0784	0.0000	+0.0784
 119	 948.967	0.0694	0.0000	+0.0694
 120	 949.000	0.0824	0.0000	+0.0824
 121	 949.033	0.1968	0.0000	+0.1968
 122	 949.067	0.2159	0.0000	+0.2159
 123	 949.100	0.2427	0.0009	+0.2418
 124	 949.133	0.2987	0.0009	+0.2977
 125	 949.167	0.3394	0.0467	+0.2928
 126	 949.200	0.3513	0.1064	+0.2449
 127	 949.233	0.3624	0.1693	+0.1931
 128	 949.267	0.2909	0.1917	+0.0991
 129	 949.300	0.2999	0.2203	+0.0796
 130	 949.333	0.3034	0.2583	+0.0451
 131	 949.367	0.2930	0.2705	+0.0225
 132	 949.400	0.2778	0.2248	+0.0531
 133	 949.433	0.2901	0.1651	+0.1250
 134	 949.467	0.4050	0.1022	+0.3028
 135	 949.500	0.3820	0.1115	+0.2705
 136	 949.533	0.3460	0.1166	+0.2294
 137	 949.567	0.3133	0.0891	+0.2243
 138	 949.600	0.2724	0.0769	+0.1955
 139	 949.633	0.2401	0.0769	+0.1633
 140	 949.667	0.2091	0.0769	+0.1322
 141	 949.700	0.0811	0.0769	+0.0042
 142	 949.733	0.0695	0.0451	+0.0243
 143	 949.767	0.0766	0.0114	+0.0651
 144	 949.800	0.2147	0.0000	+0.2147
 145	 949.833	0.2199	0.0000	+0.2199
 146	 949.867	0.3538	0.0000	+0.3538
 147	 949.900	0.4950	0.0000	+0.4950
 148	 949.933	0.4899	0.0000	+0.4899
 149	 949.967	0.4813	0.0000	+0.4813
 150	 950.000	0.4760	0.0000	+0.4760
 151	 950.033	0.3346	0.0000	+0.3346
 152	 950.067	0.3295	0.0000	+0.3295
 153	 950.100	0.3242	0.0000	+0.3242
 154	 950.133	0.1773	0.0000	+0.1773
 155	 950.167	0.1685	0.0000	+0.1685
 156	 950.200	0.1642	0.0000	+0.1642
 157	 950.233	0.1570	0.0000	+0.1570
 158	 950.267	0.1646	0.0000	+0.1646
 159	 950.300	0.1614	0.0000	+0.1614
 160	 950.333	0.0241	0.0000	+0.0241
 161	 950.367	0.0264	0.0000	+0.0264
 162	 950.400	0.0257	0.0000	+0.0257
 163	 950.433	0.0238	0.1001	-0.0764
 164	 950.467	0.0217	0.2597	-0.2380
 165	 950.500	0.0198	0.4226	-0.4029
 166	 950.533	0.0199	0.4899	-0.4700
 167	 950.567	0.0244	0.4899	-0.4655
 168	 950.600	0.0220	0.4899	-0.4678
 169	 950.633	0.0315	0.4899	-0.4584
 170	 950.667	0.1742	0.3898	-0.2156
 171	 950.700	0.1860	0.2302	-0.0442
 172	 950.733	0.1796	0.0673	+0.1124
 173	 950.767	0.1834	0.0000	+0.1834
 174	 950.800	0.1786	0.0017	+0.1769
 175	 950.833	0.1885	0.2931	-0.1047
 176	 950.867	0.1835	0.3276	-0.1441
 177	 950.900	0.0481	0.3768	-0.3287
 178	 950.933	0.0411	0.4398	-0.3987
 179	 950.967	0.0432	0.5218	-0.4786
 180	 951.000	0.0622	0.5732	-0.5110
 181	 951.033	0.0671	0.6031	-0.5360
 182	 951.067	0.2050	0.3768	-0.1718
 183	 951.100	0.2171	0.4169	-0.1999
 184	 951.133	0.2181	0.4065	-0.1883
 185	 951.167	0.2390	0.6596	-0.4206
 186	 951.200	0.2511	0.5776	-0.3266
 187	 951.233	0.2389	0.5262	-0.2874
 188	 951.267	0.2439	0.4947	-0.2508
 189	 951.300	0.1048	0.4295	-0.3247
 190	 951.333	0.0906	0.3549	-0.2643
 191	 951.367	0.0839	0.5212	-0.4373
 192	 951.400	0.0640	0.2304	-0.1664
 193	 951.433	0.0589	0.2536	-0.1947
 194	 951.467	0.0642	0.2924	-0.2282
 195	 951.500	0.0710	0.3703	-0.2994
 196	 951.533	0.0793	0.5412	-0.4619
 197	 951.567	0.0894	0.7165	-0.6272
 198	 951.600	0.0965	0.6808	-0.5843
 199	 951.633	0.0997	0.8258	-0.7262
 200	 951.667	0.0977	0.8707	-0.7729
 201	 951.700	0.0942	0.8602	-0.7659
 202	 951.733	0.0839	0.8598	-0.7759
 203	 951.767	0.0838	0.7448	-0.6610
 204	 951.800	0.0874	0.6095	-0.5221
 205	 951.833	0.1047	0.4615	-0.3569
 206	 951.867	0.1261	0.3362	-0.2100
 207	 951.900	0.1325	0.2981	-0.1655
 208	 951.933	0.1452	0.3074	-0.1622
 209	 951.967	0.1653	0.2745	-0.1092
 210	 952.000	0.1693	0.2281	-0.0588
 211	 952.033	0.1618	0.2183	-0.0565
 212	 952.067	0.1522	0.2406	-0.0884
 213	 952.100	0.1349	0.3625	-0.2276
 214	 952.133	0.1294	0.3526	-0.2232
 215	 952.167	0.1121	0.3150	-0.2028
 216	 952.200	0.1099	0.2704	-0.1605
 217	 952.233	0.1249	0.2608	-0.1359
 218	 952.267	0.1344	0.2471	-0.1127
 219	 952.300	0.1546	0.2034	-0.0488
 220	 952.333	0.1673	0.0374	+0.1299
 221	 952.367	0.1831	0.0354	+0.1477
 222	 952.400	0.3075	0.0573	+0.2502
 223	 952.433	0.2908	0.0789	+0.2119
 224	 952.467	0.2566	0.1267	+0.1299
 225	 952.500	0.2413	0.1761	+0.0651
 226	 952.533	0.2109	0.1761	+0.0347
 227	 952.567	0.1865	0.2842	-0.0978
 228	 952.600	0.1667	0.3782	-0.2115
 229	 952.633	0.0441	0.4118	-0.3677
 230	 952.667	0.0379	0.4295	-0.3916
 231	 952.700	0.0387	0.4003	-0.3617
 232	 952.733	0.0350	0.3408	-0.3058
 233	 952.767	0.0331	0.3443	-0.3111
 234	 952.800	0.0364	0.2631	-0.2266
 235	 952.833	0.0328	0.2015	-0.1686
 236	 952.867	0.0252	0.1690	-0.1438
 237	 952.900	0.0366	0.1819	-0.1453
 238	 952.933	0.0399	0.2190	-0.1791
 239	 952.967	0.0525	0.2578	-0.2053
 240	 953.000	0.0530	0.2847	-0.2317
 241	 953.033	0.0510	0.2872	-0.2362
 242	 953.067	0.0570	0.2400	-0.1830
 243	 953.100	0.0621	0.2384	-0.1764
 244	 953.133	0.0614	0.2336	-0.1722
 245	 953.167	0.1834	0.2283	-0.0449
 246	 953.200	0.2027	0.1850	+0.0177
 247	 953.233	0.2104	0.1763	+0.0340
 248	 953.267	0.2144	0.1830	+0.0314
 249	 953.300	0.2168	0.2137	+0.0032
 250	 953.333	0.2157	0.2047	+0.0111
 251	 953.367	0.2274	0.2143	+0.0131
 252	 953.400	0.1096	0.2663	-0.1567
 253	 953.433	0.0957	0.3319	-0.2362
 254	 953.467	0.2170	0.3200	-0.1030
 255	 953.500	0.2386	0.3549	-0.1163
 256	 953.533	0.2546	0.3979	-0.1433
 257	 953.567	0.2809	0.4480	-0.1672
 258	 953.600	0.2979	0.4147	-0.1169
 259	 953.633	0.3407	0.3282	+0.0125
 260	 953.667	0.3468	0.2714	+0.0755
 261	 953.700	0.2298	0.3082	-0.0784
 262	 953.733	0.2005	0.3035	-0.1030
 263	 953.767	0.1776	0.2348	-0.0573
 264	 953.800	0.2009	0.2143	-0.0133
 265	 953.833	0.1622	0.2139	-0.0517
 266	 953.867	0.1512	0.1980	-0.0467
 267	 953.900	0.1699	0.2553	-0.0854
 268	 953.933	0.1865	0.2880	-0.1015
 269	 953.967	0.2083	0.2618	-0.0535
 270	 954.000	0.2263	0.2684	-0.0421
 271	 954.033	0.1815	0.2934	-0.1119
 272	 954.067	0.1881	0.3573	-0.1692
 273	 954.100	0.1595	0.4278	-0.2683
 274	 954.133	0.1286	0.4034	-0.2749
 275	 954.167	0.1067	0.3311	-0.2244
 276	 954.200	0.0964	0.2923	-0.1959
 277	 954.233	0.0824	0.2973	-0.2150
 278	 954.267	0.0805	0.2783	-0.1978
 279	 954.300	0.0825	0.2323	-0.1498
 280	 954.333	0.0761	0.1786	-0.1024
 281	 954.367	0.2045	0.1437	+0.0608
 282	 954.400	0.2011	0.1781	+0.0229
 283	 954.433	0.1996	0.2456	-0.0460
 284	 954.467	0.1981	0.2838	-0.0857
 285	 954.500	0.2001	0.2496	-0.0495
 286	 954.533	0.1936	0.2621	-0.0685
 287	 954.567	0.2011	0.3408	-0.1397
 288	 954.600	0.0726	0.3753	-0.3027
 289	 954.633	0.0711	0.3876	-0.3165
 290	 954.667	0.0675	0.3831	-0.3157
 291	 954.700	0.2015	0.3756	-0.1742
 292	 954.733	0.1914	0.3780	-0.1866
 293	 954.767	0.2011	0.4020	-0.2009
 294	 954.800	0.1939	0.3918	-0.1979
 295	 954.833	0.1880	0.4177	-0.2297
 296	 954.867	0.1976	0.4251	-0.2276
 297	 954.900	0.3332	0.4457	-0.1126
 298	 954.933	0.2138	0.4726	-0.2587
 299	 954.967	0.2340	0.4795	-0.2455
 300	 955.000	0.2489	0.4393	-0.1904
 301	 955.033	0.2585	0.4042	-0.1457
 302	 955.067	0.2718	0.4031	-0.1313
 303	 955.100	0.2657	0.3774	-0.1118
 304	 955.133	0.1324	0.3411	-0.2087
 305	 955.167	0.1335	0.3095	-0.1760
 306	 955.200	0.1324	0.3022	-0.1698
 307	 955.233	0.1165	0.3268	-0.2103
 308	 955.267	0.1370	0.3943	-0.2573
 309	 955.300	0.1610	0.3774	-0.2165
 310	 955.333	0.2916	0.4195	-0.1279
 311	 955.367	0.3140	0.4510	-0.1370
 312	 955.400	0.3334	0.4486	-0.1152
 313	 955.433	0.3573	0.4692	-0.1119
 314	 955.467	0.3669	0.4364	-0.0695
 315	 955.500	0.3430	0.3399	+0.0031
 316	 955.533	0.3397	0.3437	-0.0040
 317	 955.567	0.2288	0.2983	-0.0695
 318	 955.600	0.2146	0.2501	-0.0356
 319	 955.633	0.1963	0.2362	-0.0399
 320	 955.667	0.1957	0.2110	-0.0153
 321	 955.700	0.2079	0.1993	+0.0086
 322	 955.733	0.3361	0.1868	+0.1493
 323	 955.767	0.3362	0.1388	+0.1974
 324	 955.800	0.3236	0.1263	+0.1973
 325	 955.833	0.3301	0.1277	+0.2024
 326	 955.867	0.3150	0.1056	+0.2094
 327	 955.900	0.2746	0.1236	+0.1510
 328	 955.933	0.2424	0.1602	+0.0823
 329	 955.967	0.1221	0.1872	-0.0651
 330	 956.000	0.0899	0.2188	-0.1289
 331	 956.033	0.0904	0.2973	-0.2069
 332	 956.067	0.0772	0.3439	-0.2668
 333	 956.100	0.0908	0.3767	-0.2859
 334	 956.133	0.1039	0.4627	-0.3588
 335	 956.167	0.1178	0.4677	-0.3499
 336	 956.200	0.2506	0.4794	-0.2288
 337	 956.233	0.2498	0.5001	-0.2504
 338	 956.267	0.2368	0.4231	-0.1863
 339	 956.300	0.2345	0.3658	-0.1313
 340	 956.333	0.2259	0.3538	-0.1279
 341	 956.367	0.2184	0.2728	-0.0544
 342	 956.400	0.2078	0.2618	-0.0540
 343	 956.433	0.2041	0.2145	-0.0104
 344	 956.467	0.2091	0.1706	+0.0386
 345	 956.500	0.2149	0.1711	+0.0438
 346	 956.533	0.2213	0.1799	+0.0414
 347	 956.567	0.2116	0.1951	+0.0166
 348	 956.600	0.2011	0.2102	-0.0090
 349	 956.633	0.1955	0.2098	-0.0143
 350	 956.667	0.0503	0.2590	-0.2088
 351	 956.700	0.0436	0.2688	-0.2253
 352	 956.733	0.0476	0.2679	-0.2203
 353	 956.767	0.0375	0.2543	-0.2168
 354	 956.800	0.0354	0.2248	-0.1894
 355	 956.833	0.0366	0.1998	-0.1631
 356	 956.867	0.0451	0.1879	-0.1429
 357	 956.900	0.0449	0.2428	-0.1979
 358	 956.933	0.0443	0.2575	-0.2132
 359	 956.967	0.0411	0.2477	-0.2066
 360	 957.000	0.0504	0.2623	-0.2118
 361	 957.033	0.0501	0.3005	-0.2503
 362	 957.067	0.0589	0.3922	-0.3333
 363	 957.100	0.0604	0.3757	-0.3154
 364	 957.133	0.0564	0.4298	-0.3734
 365	 957.167	0.0561	0.3970	-0.3409
 366	 957.200	0.0472	0.4013	-0.3541
 367	 957.233	0.0354	0.3823	-0.3469
 368	 957.267	0.0345	0.3351	-0.3006
 369	 957.300	0.0273	0.2268	-0.1994
 370	 957.333	0.0170	0.4529	-0.4359
 371	 957.367	0.0179	0.3135	-0.2956
 372	 957.400	0.0156	0.3406	-0.3250
 373	 957.433	0.0158	0.4657	-0.4499
 374	 957.467	0.0155	0.5674	-0.5519
 375	 957.500	0.0157	0.6237	-0.6080
 376	 957.533	0.1700	0.6668	-0.4968
 377	 957.567	0.1679	0.4543	-0.2864
 378	 957.600	0.1681	0.4397	-0.2716
 379	 957.633	0.1687	0.4523	-0.2836
 380	 957.667	0.1678	0.3339	-0.1662
 381	 957.700	0.1682	0.2288	-0.0606
 382	 957.733	0.1694	0.1899	-0.0205
 383	 957.767	0.0144	0.1873	-0.1730
 384	 957.800	0.0183	0.1960	-0.1777
 385	 957.833	0.0178	0.2258	-0.2080
 386	 957.867	0.0168	0.2237	-0.2069
 387	 957.900	0.1637	0.2653	-0.1017
 388	 957.933	0.1613	0.3207	-0.1595
 389	 957.967	0.1729	0.3568	-0.1839
 390	 958.000	0.1726	0.3695	-0.1969
 391	 958.033	0.1709	0.3885	-0.2176
 392	 958.067	0.1710	0.4214	-0.2504
 393	 958.100	0.1716	0.4141	-0.2425
 394	 958.133	0.0247	0.3555	-0.3308
 395	 958.167	0.0269	0.3321	-0.3052
 396	 958.200	0.0152	0.2851	-0.2699
 397	 958.233	0.0251	0.2291	-0.2040
 398	 958.267	0.0359	0.3216	-0.2857
 399	 958.300	0.0362	0.2702	-0.2339
 400	 958.333	0.0359	0.3861	-0.3502
 401	 958.367	0.0499	0.4014	-0.3515
 402	 958.400	0.0490	0.4087	-0.3597
 403	 958.433	0.0478	0.4162	-0.3684
 404	 958.467	0.0377	0.4452	-0.4076
 405	 958.500	0.0263	0.3501	-0.3238
 406	 958.533	0.0265	0.3349	-0.3084
 407	 958.567	0.0398	0.2032	-0.1634
 408	 958.600	0.0257	0.2212	-0.1956
 409	 958.633	0.0276	0.1985	-0.1708
 410	 958.667	0.0281	0.1986	-0.1706
 411	 958.700	0.0294	0.1805	-0.1510
 412	 958.733	0.0303	0.1484	-0.1180
 413	 958.767	0.0312	0.2063	-0.1751
 414	 958.800	0.0189	0.1992	-0.1803
 415	 958.833	0.0199	0.1949	-0.1750
 416	 958.867	0.0194	0.2166	-0.1972
 417	 958.900	0.0200	0.3052	-0.2852
 418	 958.933	0.0191	0.3148	-0.2957
 419	 958.967	0.0185	0.3167	-0.2982
 420	 959.000	0.0246	0.2848	-0.2602
 421	 959.033	0.0230	0.2956	-0.2726
 422	 959.067	0.0221	0.2661	-0.2440
 423	 959.100	0.0208	0.2167	-0.1959
 424	 959.133	0.0189	0.1194	-0.1004
 425	 959.167	0.0193	0.1402	-0.1209
 426	 959.200	0.0187	0.1799	-0.1612
 427	 959.233	0.0104	0.2043	-0.1939
 428	 959.267	0.0109	0.2212	-0.2103
 429	 959.300	0.0117	0.2450	-0.2333
 430	 959.333	0.0178	0.2659	-0.2481
 431	 959.367	0.0196	0.3042	-0.2847
 432	 959.400	0.0171	0.3468	-0.3297
 433	 959.433	0.0178	0.3482	-0.3304
 434	 959.467	0.0170	0.3410	-0.3240
 435	 959.500	0.0180	0.3381	-0.3200
 436	 959.533	0.0182	0.3434	-0.3252
 437	 959.567	0.1620	0.3635	-0.2015
 438	 959.600	0.1615	0.3177	-0.1562
 439	 959.633	0.1733	0.2334	-0.0601
 440	 959.667	0.1731	0.1642	+0.0089
 441	 959.700	0.1828	0.1209	+0.0619
 442	 959.733	0.3347	0.0814	+0.2534
 443	 959.767	0.3752	0.0632	+0.3119
 444	 959.800	0.2508	0.0225	+0.2283
 445	 959.833	0.2913	0.0202	+0.2711
 446	 959.867	0.2945	0.0155	+0.2790
 447	 959.900	0.3102	0.0155	+0.2947
 448	 959.933	0.3129	0.1158	+0.1971
 449	 959.967	0.1709	0.1158	+0.0552
 450	 960.000	0.1423	0.1005	+0.0418
 451	 960.033	0.1205	0.1003	+0.0203
 452	 960.067	0.0911	0.1068	-0.0158
 453	 960.100	0.1015	0.1163	-0.0148
 454	 960.133	0.1132	0.1185	-0.0053
 455	 960.167	0.1581	0.0225	+0.1356
 456	 960.200	0.2987	0.0225	+0.2762
 457	 960.233	0.3465	0.0225	+0.3240
 458	 960.267	0.4072	0.0225	+0.3847
 459	 960.300	0.4656	0.0159	+0.4498
 460	 960.333	0.4723	0.2326	+0.2397
 461	 960.367	0.4729	0.2304	+0.2425
 462	 960.400	0.4266	0.2262	+0.2004
 463	 960.433	0.2843	0.2262	+0.0581
 464	 960.467	0.2754	0.2262	+0.0492
 465	 960.500	0.2738	0.2262	+0.0476
 466	 960.533	0.2658	0.2269	+0.0389
 467	 960.567	0.3050	0.0006	+0.3044
 468	 960.600	0.3316	0.0006	+0.3309
 469	 960.633	0.3572	0.0006	+0.3565
 470	 960.667	0.3702	0.0006	+0.3695
 471	 960.700	0.3252	0.0006	+0.3246
 472	 960.733	0.4005	0.0094	+0.3911
 473	 960.767	0.4822	0.0087	+0.4735
 474	 960.800	0.4216	0.0087	+0.4129
 475	 960.833	0.3760	0.0087	+0.3672
 476	 960.867	0.3500	0.0087	+0.3413
 477	 960.900	0.3355	0.0087	+0.3268
 478	 960.933	0.3508	0.1505	+0.2003
 479	 960.967	0.2286	0.1543	+0.0742
 480	 961.000	0.0987	0.1911	-0.0925
 481	 961.033	0.1022	0.2623	-0.1601
 482	 961.067	0.0979	0.3177	-0.2198
 483	 961.100	0.0998	0.4063	-0.3065
 484	 961.133	0.2331	0.4284	-0.1953
 485	 961.167	0.3548	0.3139	+0.0409
 486	 961.200	0.3578	0.3114	+0.0463
 487	 961.233	0.3520	0.2832	+0.0688
 488	 961.267	0.3427	0.3795	-0.0368
 489	 961.300	0.3611	0.3241	+0.0370
 490	 961.333	0.3761	0.2354	+0.1406
 491	 961.367	0.2522	0.2740	-0.0218
 492	 961.400	0.2502	0.2590	-0.0089
 493	 961.433	0.2547	0.2773	-0.0226
 494	 961.467	0.2705	0.2828	-0.0122
 495	 961.500	0.2731	0.1305	+0.1426
 496	 961.533	0.2678	0.1568	+0.1109
 497	 961.567	0.2642	0.1789	+0.0853
 498	 961.600	0.3831	0.2910	+0.0921
 499	 961.633	0.2455	0.3606	-0.1150
 500	 961.667	0.2327	0.3788	-0.1461
 501	 961.700	0.2082	0.4133	-0.2051
 502	 961.733	0.2078	0.3990	-0.1912
 503	 961.767	0.3310	0.3726	-0.0416
 504	 961.800	0.3258	0.3556	-0.0297
 505	 961.833	0.1986	0.1846	+0.0140
 506	 961.867	0.2040	0.1027	+0.1012
 507	 961.900	0.1992	0.0567	+0.1425
 508	 961.933	0.2165	0.0082	+0.2083
 509	 961.967	0.3461	0.0073	+0.3389
 510	 962.000	0.2254	0.0674	+0.1580
 511	 962.033	0.2260	0.0625	+0.1635
 512	 962.067	0.2257	0.0966	+0.1291
 513	 962.100	0.2289	0.0966	+0.1322
 514	 962.133	0.2396	0.0961	+0.1435
 515	 962.167	0.2334	0.1637	+0.0697
 516	 962.200	0.1031	0.1899	-0.0868
 517	 962.233	0.0861	0.1297	-0.0436
 518	 962.267	0.0757	0.1410	-0.0653
 519	 962.300	0.0712	0.1051	-0.0339
 520	 962.333	0.0656	0.1143	-0.0486
 521	 962.367	0.0578	0.1427	-0.0849
 522	 962.400	0.0518	0.1324	-0.0806
 523	 962.433	0.0503	0.1064	-0.0561
 524	 962.467	0.0563	0.1116	-0.0553
 525	 962.500	0.0541	0.1172	-0.0631
 526	 962.533	0.0576	0.1400	-0.0824
 527	 962.567	0.0563	0.1609	-0.1046
 528	 962.600	0.0503	0.2202	-0.1699
 529	 962.633	0.0487	0.1807	-0.1320
 530	 962.667	0.0508	0.2083	-0.1576
 531	 962.700	0.0468	0.2346	-0.1878
 532	 962.733	0.0433	0.2430	-0.1997
 533	 962.767	0.0374	0.2482	-0.2108
 534	 962.800	0.0398	0.2492	-0.2094
 535	 962.833	0.0378	0.2054	-0.1675
 536	 962.867	0.0361	0.1956	-0.1595
 537	 962.900	0.0290	0.1778	-0.1489
 538	 962.933	0.0227	0.1463	-0.1236
 539	 962.967	0.0235	0.1270	-0.1035
 540	 963.000	0.0209	0.1138	-0.0929
 541	 963.033	0.0183	0.0854	-0.0671
 542	 963.067	0.0222	0.0415	-0.0193
 543	 963.100	0.0238	0.0335	-0.0097
 544	 963.133	0.0328	0.0235	+0.0093
 545	 963.167	0.0362	0.0235	+0.0127
 546	 963.200	0.0391	0.0175	+0.0216
 547	 963.233	0.0429	0.0027	+0.0402
 548	 963.267	0.1869	0.0000	+0.1869
 549	 963.300	0.3279	0.0383	+0.2896
 550	 963.333	0.3295	0.0609	+0.2686
 551	 963.367	0.4669	0.1031	+0.3638
 552	 963.400	0.6114	0.1429	+0.4685
 553	 963.433	0.6114	0.1753	+0.4361
 554	 963.467	0.6078	0.1869	+0.4209
 555	 963.500	0.4678	0.1869	+0.2809
 556	 963.533	0.3267	0.1486	+0.1781
 557	 963.567	0.3222	0.1365	+0.1857
 558	 963.600	0.1875	0.1266	+0.0609
 559	 963.633	0.0399	0.1164	-0.0765
 560	 963.667	0.0352	0.1202	-0.0851
 561	 963.700	0.0359	0.1384	-0.1025
 562	 963.733	0.0267	0.1607	-0.1340
 563	 963.767	0.0245	0.1771	-0.1525
 564	 963.800	0.0252	0.2006	-0.1755
 565	 963.833	0.0156	0.2030	-0.1873
 566	 963.867	0.0155	0.2061	-0.1906
 567	 963.900	0.0261	0.2038	-0.1777
 568	 963.933	0.0259	0.2076	-0.1816
 569	 963.967	0.0262	0.2176	-0.1914
 570	 964.000	0.0264	0.2231	-0.1967
 571	 964.033	0.0352	0.1961	-0.1609
 572	 964.067	0.0443	0.1718	-0.1275
 573	 964.100	0.0554	0.1506	-0.0952
 574	 964.133	0.0453	0.1320	-0.0866
 575	 964.167	0.0437	0.1053	-0.0616
 576	 964.200	0.0411	0.0857	-0.0446
 577	 964.233	0.0420	0.0850	-0.0430
 578	 964.267	0.0322	0.1190	-0.0868
 579	 964.300	0.0257	0.1474	-0.1217
 580	 964.333	0.0166	0.1587	-0.1421
 581	 964.367	0.0158	0.1741	-0.1584
 582	 964.400	0.0340	0.2015	-0.1675
 583	 964.433	0.0443	0.2102	-0.1659
 584	 964.467	0.0505	0.1963	-0.1458
 585	 964.500	0.0505	0.1553	-0.1048
 586	 964.533	0.0466	0.1165	-0.0699
 587	 964.567	0.0543	0.0938	-0.0395
 588	 964.600	0.0575	0.0631	-0.0057
 589	 964.633	0.0537	0.0289	+0.0248
 590	 964.667	0.0498	0.0075	+0.0423
 591	 964.700	0.0453	0.0002	+0.0452
 592	 964.733	0.0458	0.0217	+0.0242
 593	 964.767	0.0506	0.0507	-0.0001
 594	 964.800	0.0420	0.0899	-0.0479
 595	 964.833	0.0369	0.1305	-0.0937
 596	 964.867	0.0265	0.1657	-0.1392
 597	 964.900	0.0263	0.1988	-0.1725
 598	 964.933	0.0214	0.1988	-0.1774
 599	 964.967	0.0223	0.1992	-0.1769
 600	 965.000	0.0255	0.2286	-0.2031
 601	 965.033	0.1672	0.2592	-0.0920
 602	 965.067	0.1711	0.2735	-0.1024
 603	 965.100	0.1724	0.2538	-0.0814
 604	 965.133	0.1668	0.2207	-0.0539
 605	 965.167	0.1671	0.2207	-0.0536
 606	 965.200	0.1663	0.2745	-0.1083
 607	 965.233	0.1589	0.2182	-0.0593
 608	 965.267	0.1617	0.1485	+0.0133
 609	 965.300	0.1598	0.0952	+0.0646
 610	 965.333	0.1555	0.0822	+0.0733
 611	 965.367	0.3021	0.0890	+0.2132
 612	 965.400	0.3019	0.0978	+0.2042
 613	 965.433	0.3037	0.0345	+0.2692
 614	 965.467	0.3020	0.0466	+0.2554
 615	 965.500	0.1556	0.0524	+0.1032
 616	 965.533	0.1537	0.0568	+0.0969
 617	 965.567	0.1525	0.0724	+0.0802
 618	 965.600	0.0063	0.0734	-0.0671
 619	 965.633	0.0068	0.0656	-0.0588
 620	 965.667	0.0056	0.0546	-0.0490
 621	 965.700	0.0097	0.0425	-0.0328
 622	 965.733	0.1554	0.0371	+0.1183
 623	 965.767	0.1576	0.0321	+0.1255
 624	 965.800	0.1601	0.0158	+0.1443
 625	 965.833	0.1641	0.0110	+0.1531
 626	 965.867	0.1627	0.0116	+0.1511
 627	 965.900	0.1632	0.0102	+0.1529
 628	 965.933	0.3029	0.0080	+0.2949
 629	 965.967	0.3035	0.0076	+0.2959
 630	 966.000	0.3179	0.0064	+0.3115
 631	 966.033	0.3174	0.0046	+0.3127
 632	 966.067	0.3127	0.0016	+0.3111
 633	 966.100	0.3118	0.0000	+0.3118
 634	 966.133	0.3119	0.0000	+0.3119
 635	 966.167	0.1699	0.0000	+0.1699
 636	 966.200	0.0254	0.0000	+0.0254
 637	 966.233	0.0103	0.0000	+0.0103
 638	 966.267	0.0101	0.0000	+0.0101
 639	 966.300	0.0118	0.0000	+0.0118
 640	 966.333	0.0136	0.0000	+0.0136
 641	 966.367	0.0133	0.0000	+0.0133
 642	 966.400	0.0114	0.0000	+0.0114
 643	 966.433	0.0113	0.0985	-0.0872
 644	 966.467	0.0099	0.1208	-0.1109
 645	 966.500	0.0108	0.1599	-0.1491
 646	 966.533	0.0108	0.2122	-0.2014
 647	 966.567	0.0121	0.2727	-0.2607
 648	 966.600	0.0111	0.3463	-0.3352
 649	 966.633	0.0128	0.4219	-0.4091
 650	 966.667	0.0128	0.3653	-0.3525
 651	 966.700	0.0140	0.3712	-0.3572
 652	 966.733	0.1539	0.3709	-0.2170
 653	 966.767	0.1609	0.3934	-0.2325
 654	 966.800	0.1623	0.4228	-0.2605
 655	 966.833	0.3075	0.4221	-0.1146
 656	 966.867	0.3166	0.3869	-0.0703
 657	 966.900	0.3327	0.3596	-0.0269
 658	 966.933	0.4762	0.3314	+0.1448
 659	 966.967	0.4756	0.2926	+0.1830
 660	 967.000	0.4705	0.2592	+0.2113
 661	 967.033	0.4692	0.2476	+0.2216
 662	 967.067	0.3257	0.2019	+0.1238
 663	 967.100	0.3194	0.1954	+0.1240
 664	 967.133	0.3033	0.2647	+0.0386
 665	 967.167	0.3017	0.3413	-0.0396
 666	 967.200	0.3016	0.4178	-0.1162
 667	 967.233	0.3001	0.4451	-0.1450
 668	 967.267	0.2989	0.4302	-0.1313
 669	 967.300	0.2967	0.4535	-0.1568
 670	 967.333	0.2949	0.4351	-0.1402
 671	 967.367	0.3037	0.4186	-0.1149
 672	 967.400	0.3036	0.4518	-0.1483
 673	 967.433	0.2080	0.4978	-0.2898
 674	 967.467	0.2539	0.5364	-0.2825
 675	 967.500	0.2836	0.5419	-0.2582
 676	 967.533	0.3052	0.5452	-0.2400
 677	 967.567	0.3095	0.5567	-0.2472
 678	 967.600	0.3115	0.5373	-0.2258
 679	 967.633	0.1940	0.4896	-0.2956
 680	 967.667	0.1622	0.4275	-0.2653
 681	 967.700	0.1383	0.3454	-0.2071
 682	 967.733	0.1282	0.3466	-0.2183
 683	 967.767	0.1314	0.3930	-0.2616
 684	 967.800	0.2722	0.4962	-0.2240
 685	 967.833	0.3153	0.6030	-0.2877
 686	 967.867	0.3481	0.6544	-0.3063
 687	 967.900	0.4027	0.6826	-0.2799
 688	 967.933	0.4239	0.7230	-0.2991
 689	 967.967	0.4112	0.7075	-0.2962
 690	 968.000	0.4160	0.6457	-0.2297
 691	 968.033	0.3433	0.5853	-0.2420
 692	 968.067	0.3525	0.5499	-0.1974
 693	 968.100	0.3543	0.5215	-0.1672
 694	 968.133	0.3209	0.4808	-0.1599
 695	 968.167	0.3152	0.5224	-0.2071
 696	 968.200	0.3325	0.6658	-0.3333
 697	 968.233	0.3252	0.8206	-0.4954
 698	 968.267	0.4018	0.8963	-0.4945
 699	 968.300	0.4879	0.8948	-0.4068
 700	 968.333	0.4406	0.8786	-0.4380
 701	 968.367	0.4157	0.8587	-0.4430
 702	 968.400	0.3973	0.7523	-0.3550
 703	 968.433	0.3812	0.5972	-0.2160
 704	 968.467	0.3758	0.4723	-0.0965
 705	 968.500	0.2373	0.4540	-0.2168
 706	 968.533	0.1037	0.4834	-0.3797
 707	 968.567	0.1022	0.4310	-0.3288
 708	 968.600	0.1104	0.4388	-0.3284
 709	 968.633	0.2395	0.4581	-0.2187
 710	 968.667	0.2573	0.5129	-0.2557
 711	 968.700	0.2560	0.4693	-0.2132
 712	 968.733	0.2473	0.3747	-0.1275
 713	 968.767	0.2455	0.2275	+0.0180
 714	 968.800	0.2567	0.2321	+0.0247
 715	 968.833	0.2564	0.2061	+0.0503
 716	 968.867	0.2575	0.1908	+0.0667
 717	 968.900	0.2390	0.1146	+0.1244
 718	 968.933	0.2329	0.1442	+0.0887
 719	 968.967	0.2348	0.2264	+0.0084
 720	 969.000	0.2278	0.2431	-0.0153
 721	 969.033	0.2101	0.2316	-0.0214
 722	 969.067	0.2031	0.2266	-0.0234
 723	 969.100	0.0601	0.2420	-0.1819
 724	 969.133	0.0560	0.2540	-0.1979
 725	 969.167	0.0502	0.2549	-0.2048
 726	 969.200	0.0561	0.1685	-0.1123
 727	 969.233	0.0571	0.2015	-0.1444
 728	 969.267	0.0674	0.2513	-0.1839
 729	 969.300	0.0663	0.3136	-0.2474
 730	 969.333	0.0661	0.3701	-0.3041
 731	 969.367	0.0682	0.4146	-0.3464
 732	 969.400	0.0759	0.4332	-0.3572
 733	 969.433	0.0719	0.4303	-0.3584
 734	 969.467	0.0673	0.4359	-0.3686
 735	 969.500	0.0648	0.4343	-0.3695
 736	 969.533	0.0635	0.4106	-0.3471
 737	 969.567	0.0671	0.3793	-0.3122
 738	 969.600	0.0669	0.3550	-0.2881
 739	 969.633	0.0567	0.3246	-0.2679
 740	 969.667	0.0586	0.3426	-0.2840
 741	 969.700	0.0584	0.3151	-0.2567
 742	 969.733	0.0489	0.2780	-0.2290
 743	 969.767	0.0417	0.2744	-0.2327
 744	 969.800	0.0464	0.2756	-0.2292
 745	 969.833	0.0428	0.2561	-0.2133
 746	 969.867	0.0591	0.2127	-0.1536
 747	 969.900	0.0559	0.1692	-0.1133
 748	 969.933	0.0564	0.1412	-0.0848
 749	 969.967	0.0572	0.1226	-0.0654
 750	 970.000	0.0580	0.0957	-0.0378
 751	 970.033	0.0458	0.0773	-0.0315
 752	 970.067	0.0450	0.0833	-0.0383
 753	 970.100	0.0312	0.2908	-0.2595
 754	 970.133	0.0273	0.3742	-0.3469
 755	 970.167	0.0260	0.4950	-0.4691
 756	 970.200	0.0308	0.5061	-0.4752
 757	 970.233	0.0330	0.6041	-0.5711
 758	 970.267	0.0307	0.5995	-0.5688
 759	 970.300	0.0298	0.6729	-0.6432
 760	 970.333	0.0268	0.4945	-0.4677
 761	 970.367	0.0277	0.4210	-0.3933
 762	 970.400	0.0239	0.3200	-0.2961
 763	 970.433	0.0195	0.3259	-0.3064
 764	 970.467	0.0216	0.2178	-0.1962
 765	 970.500	0.0229	0.1942	-0.1713
 766	 970.533	0.0290	0.1737	-0.1447
 767	 970.567	0.0330	0.1800	-0.1470
 768	 970.600	0.1705	0.2346	-0.0640
 769	 970.633	0.1732	0.2475	-0.0742
 770	 970.667	0.3105	0.2997	+0.0107
 771	 970.700	0.3099	0.3482	-0.0383
 772	 970.733	0.3190	0.4216	-0.1026
 773	 970.767	0.3223	0.4176	-0.0953
 774	 970.800	0.3227	0.3954	-0.0727
 775	 970.833	0.1883	0.3310	-0.1427
 776	 970.867	0.1892	0.2983	-0.1091
 777	 970.900	0.0484	0.2270	-0.1786
 778	 970.933	0.0433	0.1757	-0.1324
 779	 970.967	0.0322	0.1061	-0.0739
 780	 971.000	0.0250	0.0373	-0.0123
 781	 971.033	0.0245	0.0365	-0.0119
 782	 971.067	0.0202	0.1686	-0.1484
 783	 971.100	0.0317	0.1762	-0.1446
 784	 971.133	0.0344	0.1904	-0.1560
 785	 971.167	0.0376	0.2071	-0.1695
 786	 971.200	0.0375	0.3484	-0.3109
 787	 971.233	0.0396	0.3432	-0.3036
 788	 971.267	0.0392	0.3309	-0.2916
 789	 971.300	0.0504	0.2150	-0.1646
 790	 971.333	0.0397	0.2074	-0.1676
 791	 971.367	0.0434	0.2115	-0.1681
 792	 971.400	0.0410	0.2093	-0.1683
 793	 971.433	0.0494	0.0837	-0.0343
 794	 971.467	0.0517	0.1059	-0.0542
 795	 971.500	0.0492	0.1518	-0.1026
 796	 971.533	0.0383	0.2419	-0.2036
 797	 971.567	0.0340	0.2608	-0.2269
 798	 971.600	0.0277	0.2590	-0.2314
 799	 971.633	0.0285	0.2491	-0.2206
 800	 971.667	0.0214	0.2677	-0.2463
 801	 971.700	0.0241	0.3161	-0.2921
 802	 971.733	0.0295	0.3158	-0.2863
 803	 971.767	0.0330	0.2252	-0.1922
 804	 971.800	0.0384	0.2975	-0.2591
 805	 971.833	0.0393	0.3039	-0.2646
 806	 971.867	0.0429	0.3063	-0.2634
 807	 971.900	0.0456	0.3466	-0.3010
 808	 971.933	0.0355	0.2608	-0.2253
 809	 971.967	0.0293	0.2276	-0.1982
 810	 972.000	0.0263	0.2773	-0.2510
 811	 972.033	0.0318	0.2153	-0.1836
 812	 972.067	0.0400	0.1924	-0.1524
 813	 972.100	0.0370	0.1855	-0.1485
 814	 972.133	0.0358	0.1071	-0.0713
 815	 972.167	0.0394	0.2580	-0.2186
 816	 972.200	0.0442	0.3080	-0.2638
 817	 972.233	0.0557	0.3484	-0.2927
 818	 972.267	0.0595	0.4287	-0.3693
 819	 972.300	0.0538	0.4961	-0.4423
 820	 972.333	0.0692	0.5465	-0.4773
 821	 972.367	0.0979	0.5688	-0.4709
 822	 972.400	0.2315	0.4179	-0.1864
 823	 972.433	0.2639	0.3603	-0.0964
 824	 972.467	0.2686	0.2633	+0.0053
 825	 972.500	0.2622	0.1598	+0.1024
 826	 972.533	0.2741	0.0967	+0.1773
 827	 972.567	0.2662	0.0547	+0.2115
 828	 972.600	0.2368	0.0344	+0.2023
 829	 972.633	0.1012	0.0367	+0.0645
 830	 972.667	0.0781	0.0373	+0.0408
 831	 972.700	0.0761	0.0311	+0.0451
 832	 972.733	0.0923	0.0269	+0.0655
 833	 972.767	0.2173	0.0271	+0.1902
 834	 972.800	0.2485	0.0200	+0.2285
 835	 972.833	0.3079	0.0180	+0.2899
 836	 972.867	0.3784	0.0157	+0.3627
 837	 972.900	0.4260	0.0105	+0.4155
 838	 972.933	0.4281	0.0093	+0.4188
 839	 972.967	0.4173	0.0075	+0.4099
 840	 973.000	0.3385	0.0044	+0.3341
 841	 973.033	0.3773	0.0064	+0.3709
 842	 973.067	0.3548	0.0064	+0.3484
 843	 973.100	0.3329	0.0064	+0.3265
 844	 973.133	0.3138	0.0064	+0.3074
 845	 973.167	0.3362	0.0048	+0.3314
 846	 973.200	0.4640	0.2317	+0.2322
 847	 973.233	0.4289	0.4573	-0.0284
 848	 973.267	0.3683	0.5117	-0.1434
 849	 973.300	0.3333	0.6852	-0.3518
 850	 973.333	0.2952	0.8290	-0.5338
 851	 973.367	0.2720	0.8525	-0.5805
 852	 973.400	0.3764	0.9091	-0.5327
 853	 973.433	0.2539	0.7072	-0.4533
 854	 973.467	0.2366	0.5155	-0.2789
 855	 973.500	0.2311	0.6662	-0.4351
 856	 973.533	0.2337	0.5071	-0.2735
 857	 973.567	0.2278	0.4034	-0.1756
 858	 973.600	0.2079	0.4111	-0.2032
 859	 973.633	0.0718	0.3810	-0.3092
 860	 973.667	0.0632	0.3862	-0.3230
 861	 973.700	0.0734	0.3741	-0.3007
 862	 973.733	0.0680	0.1806	-0.1126
 863	 973.767	0.0696	0.1662	-0.0965
 864	 973.800	0.0716	0.1261	-0.0545
 865	 973.833	0.0777	0.0948	-0.0171
 866	 973.867	0.0836	0.1187	-0.0351
 867	 973.900	0.0853	0.1718	-0.0865
 868	 973.933	0.0749	0.1970	-0.1221
 869	 973.967	0.0743	0.2128	-0.1385
 870	 974.000	0.0711	0.2391	-0.1680
 871	 974.033	0.0752	0.2689	-0.1937
 872	 974.067	0.0768	0.2964	-0.2196
 873	 974.100	0.0744	0.2639	-0.1894
 874	 974.133	0.0668	0.1929	-0.1261
 875	 974.167	0.0614	0.1478	-0.0865
 876	 974.200	0.0559	0.1174	-0.0615
 877	 974.233	0.0533	0.0920	-0.0387
 878	 974.267	0.0441	0.0656	-0.0215
 879	 974.300	0.0458	0.0581	-0.0123
 880	 974.333	0.0410	0.0914	-0.0504
 881	 974.367	0.0458	0.1328	-0.0870
 882	 974.400	0.0560	0.2340	-0.1780
 883	 974.433	0.0633	0.3317	-0.2684
 884	 974.467	0.0674	0.3675	-0.3001
 885	 974.500	0.0720	0.4242	-0.3522
 886	 974.533	0.0737	0.4560	-0.3823
 887	 974.567	0.0744	0.4274	-0.3529
 888	 974.600	0.0728	0.3830	-0.3102
 889	 974.633	0.0676	0.2802	-0.2127
 890	 974.667	0.0656	0.1866	-0.1210
 891	 974.700	0.0697	0.1582	-0.0884
 892	 974.733	0.0761	0.1031	-0.0270
 893	 974.767	0.0747	0.0597	+0.0150
 894	 974.800	0.0840	0.0561	+0.0280
 895	 974.833	0.0934	0.0774	+0.0161
 896	 974.867	0.1010	0.1135	-0.0125
 897	 974.900	0.0989	0.1511	-0.0522
 898	 974.933	0.0940	0.1803	-0.0863
 899	 974.967	0.1194	0.2100	-0.0906
 900	 975.000	0.1320	0.2318	-0.0998
 901	 975.033	0.2538	0.2320	+0.0218
 902	 975.067	0.2709	0.2124	+0.0585
 903	 975.100	0.2914	0.1742	+0.1172
 904	 975.133	0.3156	0.1326	+0.1830
 905	 975.167	0.3280	0.0951	+0.2329
 906	 975.200	0.3009	0.0603	+0.2406
 907	 975.233	0.2887	0.0302	+0.2585
 908	 975.267	0.1684	0.0113	+0.1571
 909	 975.300	0.1525	0.0206	+0.1319
 910	 975.333	0.1308	0.0562	+0.0747
 911	 975.367	0.1191	0.0966	+0.0225
 912	 975.400	0.1363	0.1381	-0.0018
 913	 975.433	0.2586	0.1584	+0.1003
 914	 975.467	0.2681	0.1897	+0.0785
 915	 975.500	0.2562	0.2487	+0.0075
 916	 975.533	0.2509	0.2944	-0.0435
 917	 975.567	0.2456	0.3239	-0.0783
 918	 975.600	0.2356	0.3331	-0.0974
 919	 975.633	0.2293	0.3064	-0.0771
 920	 975.667	0.1129	0.3329	-0.2200
 921	 975.700	0.2330	0.3803	-0.1473
 922	 975.733	0.2509	0.3592	-0.1084
 923	 975.767	0.2672	0.3256	-0.0583
 924	 975.800	0.2794	0.3090	-0.0296
 925	 975.833	0.2875	0.2866	+0.0009
 926	 975.867	0.2778	0.2718	+0.0060
 927	 975.900	0.2635	0.2250	+0.0385
 928	 975.933	0.1276	0.2251	-0.0974
 929	 975.967	0.1031	0.2396	-0.1366
 930	 976.000	0.0883	0.2069	-0.1186
 931	 976.033	0.0875	0.1585	-0.0710
 932	 976.067	0.0811	0.1313	-0.0501
 933	 976.100	0.0897	0.1313	-0.0416
 934	 976.133	0.1034	0.1313	-0.0279
 935	 976.167	0.2419	0.0525	+0.1893
 936	 976.200	0.2637	0.0000	+0.2637
 937	 976.233	0.2777	0.0000	+0.2777
 938	 976.267	0.2705	0.0000	+0.2705
 939	 976.300	0.2981	0.0000	+0.2981
 940	 976.333	0.2833	0.0000	+0.2833
 941	 976.367	0.2798	0.0000	+0.2798
 942	 976.400	0.1418	0.0000	+0.1418
 943	 976.433	0.1270	0.0000	+0.1270
 944	 976.467	0.1104	0.0000	+0.1104
 945	 976.500	0.1091	0.0000	+0.1091
 946	 976.533	0.0885	0.0000	+0.0885
 947	 976.567	0.0953	0.0000	+0.0953
 948	 976.600	0.0960	0.0000	+0.0960
 949	 976.633	0.1052	0.0000	+0.1052
 950	 976.667	0.0973	0.0000	+0.0973
 951	 976.700	0.0926	0.0000	+0.0926
 952	 976.733	0.0869	0.1744	-0.0876
 953	 976.767	0.0750	0.1744	-0.0994
 954	 976.800	0.0641	0.2143	-0.1502
 955	 976.833	0.0620	0.2224	-0.1605
 956	 976.867	0.0635	0.2467	-0.1832
 957	 976.900	0.0682	0.2716	-0.2033
 958	 976.933	0.0738	0.3016	-0.2279
 959	 976.967	0.0789	0.1390	-0.0601
 960	 977.000	0.0788	0.1738	-0.0951
 961	 977.033	0.0818	0.1998	-0.1180
 962	 977.067	0.0793	0.1985	-0.1192
 963	 977.100	0.0682	0.2102	-0.1420
 964	 977.133	0.0695	0.2318	-0.1623
 965	 977.167	0.0668	0.2488	-0.1820
 966	 977.200	0.0647	0.2809	-0.2162
 967	 977.233	0.0637	0.2937	-0.2300
 968	 977.267	0.0539	0.2727	-0.2188
 969	 977.300	0.0486	0.3175	-0.2689
 970	 977.333	0.0586	0.3402	-0.2816
 971	 977.367	0.0597	0.3429	-0.2832
 972	 977.400	0.0534	0.3622	-0.3087
 973	 977.433	0.0493	0.3543	-0.3050
 974	 977.467	0.0471	0.3139	-0.2668
 975	 977.500	0.0511	0.2920	-0.2409
 976	 977.533	0.0473	0.2728	-0.2255
 977	 977.567	0.0356	0.2166	-0.1810
 978	 977.600	0.0271	0.1771	-0.1500
 979	 977.633	0.0346	0.1434	-0.1088
 980	 977.667	0.0328	0.1622	-0.1294
 981	 977.700	0.0334	0.1735	-0.1401
 982	 977.733	0.0381	0.1505	-0.1125
 983	 977.767	0.0355	0.1982	-0.1628
 984	 977.800	0.0346	0.2497	-0.2152
 985	 977.833	0.0346	0.2400	-0.2054
 986	 977.867	0.0264	0.2074	-0.1810
 987	 977.900	0.0230	0.1526	-0.1295
 988	 977.933	0.0234	0.1341	-0.1107
 989	 977.967	0.0238	0.1355	-0.1117
 990	 978.000	0.0289	0.1153	-0.0864
 991	 978.033	0.0330	0.0753	-0.0423
 992	 978.067	0.0437	0.1016	-0.0580
 993	 978.100	0.0470	0.1266	-0.0795
 994	 978.133	0.0536	0.1509	-0.0973
 995	 978.167	0.0522	0.1514	-0.0991
 996	 978.200	0.0545	0.1633	-0.1088
 997	 978.233	0.0554	0.1227	-0.0673
 998	 978.267	0.0536	0.1130	-0.0594
 999	 978.300	0.0455	0.0866	-0.0412
1000	 978.333	0.0424	0.0841	-0.0417
1001	 978.367	0.0412	0.1039	-0.0627
1002	 978.400	0.0532	0.1219	-0.0687
1003	 978.433	0.0590	0.1316	-0.0726
1004	 978.467	0.0730	0.1448	-0.0718
1005	 978.500	0.0733	0.1975	-0.1242
1006	 978.533	0.0801	0.2207	-0.1406
1007	 978.567	0.0844	0.2152	-0.1308
1008	 978.600	0.0869	0.1861	-0.0992
1009	 978.633	0.0815	0.2389	-0.1574
1010	 978.667	0.0729	0.2384	-0.1656
1011	 978.700	0.0738	0.2419	-0.1681
1012	 978.733	0.0832	0.2224	-0.1392
1013	 978.767	0.0809	0.2358	-0.1548
1014	 978.800	0.0762	0.2189	-0.1427
1015	 978.833	0.0756	0.2239	-0.1483
1016	 978.867	0.0704	0.1757	-0.1052
1017	 978.900	0.0644	0.1759	-0.1115
1018	 978.933	0.0576	0.1801	-0.1225
1019	 978.967	0.0491	0.1979	-0.1488
1020	 979.000	0.0528	0.2156	-0.1628
1021	 979.033	0.0683	0.2611	-0.1928
1022	 979.067	0.0669	0.2705	-0.2036
1023	 979.100	0.0678	0.2752	-0.2074
1024	 979.133	0.0642	0.2871	-0.2229
1025	 979.167	0.0522	0.2884	-0.2361
1026	 979.200	0.0620	0.2826	-0.2207
1027	 979.233	0.0559	0.2806	-0.2247
1028	 979.267	0.0403	0.2931	-0.2528
1029	 979.300	0.0429	0.3195	-0.2767
1030	 979.333	0.0403	0.3354	-0.2952
1031	 979.367	0.0401	0.3335	-0.2934
1032	 979.400	0.0418	0.3151	-0.2733
1033	 979.433	0.0295	0.2794	-0.2499
1034	 979.467	0.0280	0.2388	-0.2107
1035	 979.500	0.0272	0.1941	-0.1670
1036	 979.533	0.0193	0.1425	-0.1232
1037	 979.567	0.0196	0.1023	-0.0827
1038	 979.600	0.0201	0.0804	-0.0603
1039	 979.633	0.0177	0.0666	-0.0489
1040	 979.667	0.0157	0.0692	-0.0535
1041	 979.700	0.0146	0.0778	-0.0632
1042	 979.733	0.0137	0.0778	-0.0641
1043	 979.767	0.0125	0.0838	-0.0713
1044	 979.800	0.0170	0.0902	-0.0733
1045	 979.833	0.0205	0.2635	-0.2430
1046	 979.867	0.0195	0.2644	-0.2449
1047	 979.900	0.0196	0.2607	-0.2411
1048	 979.933	0.0187	0.2545	-0.2357
1049	 979.967	0.0242	0.2623	-0.2380
1050	 980.000	0.0242	0.2746	-0.2504
1051	 980.033	0.0187	0.2830	-0.2642
1052	 980.067	0.0133	0.1107	-0.0974
1053	 980.100	0.0141	0.1004	-0.0863
1054	 980.133	0.0166	0.0878	-0.0712
1055	 980.167	0.0167	0.0739	-0.0572
1056	 980.200	0.0162	0.0528	-0.0365
1057	 980.233	0.0171	0.0300	-0.0129
1058	 980.267	0.0168	0.0120	+0.0048
1059	 980.300	0.0256	0.0000	+0.0256
1060	 980.333	0.0261	0.0000	+0.0261
1061	 980.367	0.0239	0.1165	-0.0926
1062	 980.400	0.0237	0.1692	-0.1455
1063	 980.433	0.0192	0.2308	-0.2116
1064	 980.467	0.0183	0.3437	-0.3255
1065	 980.500	0.0236	0.3617	-0.3380
1066	 980.533	0.0181	0.3625	-0.3443
1067	 980.567	0.0224	0.3783	-0.3559
1068	 980.600	0.0270	0.2618	-0.2348
1069	 980.633	0.0277	0.2635	-0.2358
1070	 980.667	0.0284	0.2036	-0.1753
1071	 980.700	0.0285	0.1689	-0.1403
1072	 980.733	0.0256	0.1716	-0.1460
1073	 980.767	0.0244	0.2032	-0.1788
1074	 980.800	0.1632	0.2295	-0.0662
1075	 980.833	0.1590	0.2783	-0.1192
1076	 980.867	0.1687	0.2547	-0.0860
1077	 980.900	0.1727	0.2529	-0.0802
1078	 980.933	0.1755	0.1747	+0.0008
1079	 980.967	0.3224	0.1807	+0.1416
1080	 981.000	0.3244	0.1483	+0.1762
1081	 981.033	0.1865	0.1767	+0.0098
1082	 981.067	0.1874	0.2015	-0.0141
1083	 981.100	0.1873	0.1766	+0.0107
1084	 981.133	0.1980	0.1951	+0.0028
1085	 981.167	0.3373	0.2066	+0.1307
1086	 981.200	0.2066	0.1827	+0.0239
1087	 981.233	0.2246	0.1849	+0.0397
1088	 981.267	0.2327	0.1505	+0.0823
1089	 981.300	0.2524	0.1042	+0.1483
1090	 981.333	0.2481	0.1304	+0.1177
1091	 981.367	0.2338	0.1540	+0.0798
1092	 981.400	0.1041	0.1425	-0.0384
1093	 981.433	0.1062	0.1574	-0.0512
1094	 981.467	0.1109	0.1681	-0.0571
1095	 981.500	0.2377	0.1345	+0.1032
1096	 981.533	0.2213	0.1386	+0.0827
1097	 981.567	0.2199	0.1448	+0.0751
1098	 981.600	0.2269	0.1096	+0.1173
1099	 981.633	0.2176	0.1326	+0.0850
1100	 981.667	0.2137	0.1419	+0.0718
1101	 981.700	0.1981	0.1511	+0.0470
1102	 981.733	0.0749	0.1852	-0.1103
1103	 981.767	0.1954	0.2070	-0.0116
1104	 981.800	0.1972	0.1840	+0.0132
1105	 981.833	0.1913	0.2013	-0.0100
1106	 981.867	0.1924	0.1824	+0.0100
1107	 981.900	0.1928	0.1587	+0.0341
1108	 981.933	0.3155	0.1444	+0.1711
1109	 981.967	0.3150	0.1166	+0.1984
1110	 982.000	0.1995	0.0964	+0.1031
1111	 982.033	0.2016	0.1255	+0.0761
1112	 982.067	0.2090	0.1025	+0.1065
1113	 982.100	0.2148	0.1018	+0.1130
1114	 982.133	0.2137	0.1025	+0.1112
1115	 982.167	0.0991	0.0948	+0.0043
1116	 982.200	0.0970	0.0900	+0.0070
1117	 982.233	0.1061	0.0636	+0.0425
1118	 982.267	0.2058	0.0223	+0.1835
1119	 982.300	0.2227	0.0265	+0.1962
1120	 982.333	0.2421	0.0301	+0.2120
1121	 982.367	0.2373	0.0365	+0.2008
1122	 982.400	0.2170	0.0554	+0.1616
1123	 982.433	0.2036	0.0709	+0.1327
1124	 982.467	0.1943	0.0674	+0.1269
1125	 982.500	0.0952	0.0726	+0.0226
1126	 982.533	0.0984	0.0711	+0.0273
1127	 982.567	0.0814	0.1048	-0.0234
1128	 982.600	0.0862	0.1413	-0.0551
1129	 982.633	0.1016	0.1438	-0.0422
1130	 982.667	0.2281	0.1418	+0.0864
1131	 982.700	0.2523	0.1683	+0.0840
1132	 982.733	0.2833	0.1821	+0.1012
1133	 982.767	0.2850	0.1804	+0.1046
1134	 982.800	0.3345	0.1415	+0.1930
1135	 982.833	0.3674	0.0964	+0.2711
1136	 982.867	0.3763	0.0961	+0.2802
1137	 982.900	0.2762	0.0870	+0.1892
1138	 982.933	0.2711	0.0632	+0.2078
1139	 982.967	0.3017	0.0512	+0.2505
1140	 983.000	0.3023	0.0846	+0.2177
1141	 983.033	0.2850	0.0938	+0.1912
1142	 983.067	0.2718	0.1229	+0.1489
1143	 983.100	0.2737	0.1083	+0.1653
1144	 983.133	0.2702	0.1083	+0.1619
1145	 983.167	0.2569	0.1282	+0.1287
1146	 983.200	0.2140	0.1234	+0.0907
1147	 983.233	0.2040	0.0938	+0.1103
1148	 983.267	0.1827	0.0887	+0.0940
1149	 983.300	0.1636	0.0648	+0.0988
1150	 983.333	0.1759	0.0683	+0.1077
1151	 983.367	0.2031	0.0937	+0.1094
1152	 983.400	0.2356	0.0840	+0.1516
1153	 983.433	0.2990	0.0826	+0.2164
1154	 983.467	0.2956	0.0959	+0.1997
1155	 983.500	0.4369	0.1034	+0.3335
1156	 983.533	0.4489	0.1092	+0.3397
1157	 983.567	0.4406	0.1244	+0.3163
1158	 983.600	0.4157	0.1121	+0.3036
1159	 983.633	0.3819	0.1326	+0.2493
1160	 983.667	0.3010	0.1288	+0.1722
1161	 983.700	0.2949	0.1301	+0.1649
1162	 983.733	0.1464	0.1340	+0.0124
1163	 983.767	0.1341	0.1555	-0.0214
1164	 983.800	0.1194	0.1488	-0.0294
1165	 983.833	0.1196	0.1471	-0.0275
1166	 983.867	0.1291	0.1477	-0.0186
1167	 983.900	0.1303	0.1707	-0.0404
1168	 983.933	0.1506	0.1556	-0.0050
1169	 983.967	0.1781	0.1640	+0.0141
1170	 984.000	0.3230	0.1644	+0.1586
1171	 984.033	0.3472	0.1517	+0.1955
1172	 984.067	0.4780	0.1587	+0.3193
1173	 984.100	0.4792	0.1580	+0.3212
1174	 984.133	0.4787	0.1508	+0.3279
1175	 984.167	0.4537	0.1708	+0.2829
1176	 984.200	0.4291	0.1516	+0.2775
1177	 984.233	0.2884	0.1358	+0.1526
1178	 984.267	0.2674	0.1643	+0.1031
1179	 984.300	0.1215	0.1622	-0.0407
1180	 984.333	0.1050	0.1392	-0.0342
1181	 984.367	0.1029	0.1327	-0.0297
1182	 984.400	0.1055	0.1143	-0.0089
1183	 984.433	0.0898	0.1194	-0.0297
1184	 984.467	0.0693	0.1074	-0.0381
1185	 984.500	0.0582	0.1061	-0.0479
1186	 984.533	0.0717	0.0889	-0.0172
1187	 984.567	0.0759	0.0803	-0.0044
1188	 984.600	0.0880	0.0782	+0.0098
1189	 984.633	0.0857	0.0963	-0.0106
1190	 984.667	0.0944	0.0928	+0.0016
1191	 984.700	0.1052	0.0998	+0.0054
1192	 984.733	0.1197	0.0667	+0.0530
1193	 984.767	0.1025	0.0612	+0.0414
1194	 984.800	0.0962	0.0565	+0.0397
1195	 984.833	0.0769	0.0517	+0.0252
1196	 984.867	0.0708	0.0412	+0.0297
1197	 984.900	0.0574	0.0329	+0.0245
1198	 984.933	0.0453	0.0190	+0.0263
1199	 984.967	0.0232	0.0190	+0.0042
