# Frame-by-frame normalized mouth-region optical motion for reel_c1 (945.0s - 985.0s)
# frame_idx	time_sec	mouth_spk_a	mouth_spk_b	diff (a - b)
   0	 945.000	0.0000	0.0000	+0.0000
   1	 945.033	0.0596	0.0757	-0.0162
   2	 945.067	0.1160	0.0624	+0.0536
   3	 945.100	0.0972	0.0288	+0.0683
   4	 945.133	0.1517	0.0462	+0.1054
   5	 945.167	0.1855	0.0601	+0.1254
   6	 945.200	0.1371	0.0916	+0.0455
   7	 945.233	0.7385	0.1034	+0.6351
   8	 945.267	0.1695	0.0669	+0.1026
   9	 945.300	0.1148	1.0000	-0.8852
  10	 945.333	0.0719	0.7844	-0.7125
  11	 945.367	0.0531	0.7132	-0.6601
  12	 945.400	0.0311	0.4647	-0.4336
  13	 945.433	0.0320	0.4295	-0.3975
  14	 945.467	0.0266	0.4955	-0.4689
  15	 945.500	0.4355	0.4628	-0.0273
  16	 945.533	0.4717	0.1542	+0.3175
  17	 945.567	0.0378	0.1888	-0.1510
  18	 945.600	0.0620	0.5817	-0.5197
  19	 945.633	0.0801	0.6756	-0.5956
  20	 945.667	0.0632	0.6424	-0.5791
  21	 945.700	0.1314	0.6156	-0.4842
  22	 945.733	0.1192	0.3065	-0.1873
  23	 945.767	0.7672	0.2082	+0.5591
  24	 945.800	0.0863	0.2561	-0.1698
  25	 945.833	0.0806	0.3026	-0.2220
  26	 945.867	0.0444	0.3322	-0.2878
  27	 945.900	0.0465	0.4558	-0.4093
  28	 945.933	0.0552	0.4663	-0.4111
  29	 945.967	0.0718	0.3919	-0.3201
  30	 946.000	0.0572	0.4921	-0.4349
  31	 946.033	0.0872	0.4175	-0.3303
  32	 946.067	0.7794	0.6278	+0.1516
  33	 946.100	0.1044	0.6141	-0.5097
  34	 946.133	0.0795	1.0000	-0.9205
  35	 946.167	0.0578	0.1682	-0.1104
  36	 946.200	0.6122	0.0710	+0.5412
  37	 946.233	0.0330	0.1438	-0.1108
  38	 946.267	0.0219	0.1851	-0.1632
  39	 946.300	0.6183	0.1272	+0.4911
  40	 946.333	0.1024	0.1252	-0.0228
  41	 946.367	0.7909	0.0692	+0.7217
  42	 946.400	0.1126	0.0630	+0.0496
  43	 946.433	0.1304	0.0796	+0.0509
  44	 946.467	0.0885	0.0991	-0.0106
  45	 946.500	0.0870	0.1195	-0.0325
  46	 946.533	0.0731	0.0998	-0.0267
  47	 946.567	0.0454	0.1171	-0.0717
  48	 946.600	0.0695	0.1184	-0.0488
  49	 946.633	0.1162	0.0630	+0.0532
  50	 946.667	0.0891	0.1071	-0.0180
  51	 946.700	0.1124	0.2131	-0.1007
  52	 946.733	0.0706	1.0000	-0.9294
  53	 946.767	0.8006	0.4595	+0.3412
  54	 946.800	0.0830	0.4339	-0.3509
  55	 946.833	0.0436	0.5437	-0.5001
  56	 946.867	0.0461	0.5272	-0.4811
  57	 946.900	0.0430	0.4139	-0.3709
  58	 946.933	0.5963	0.3290	+0.2672
  59	 946.967	0.0175	0.1445	-0.1271
  60	 947.000	0.6270	0.2927	+0.3343
  61	 947.033	0.0653	0.1658	-0.1005
  62	 947.067	0.0514	0.1289	-0.0775
  63	 947.100	0.0731	0.2915	-0.2184
  64	 947.133	0.0844	0.1400	-0.0555
  65	 947.167	0.0538	0.2191	-0.1653
  66	 947.200	0.0268	0.5974	-0.5705
  67	 947.233	0.8292	0.6241	+0.2051
  68	 947.267	0.0416	0.0650	-0.0234
  69	 947.300	0.0452	0.1652	-0.1200
  70	 947.333	0.7830	0.1652	+0.6177
  71	 947.367	0.0392	0.2418	-0.2027
  72	 947.400	0.0489	0.1605	-0.1116
  73	 947.433	0.0329	0.1509	-0.1180
  74	 947.467	0.0217	0.2448	-0.2231
  75	 947.500	0.0353	0.1808	-0.1455
  76	 947.533	0.0391	0.5938	-0.5547
  77	 947.567	0.0374	0.2721	-0.2347
  78	 947.600	0.0344	0.2321	-0.1977
  79	 947.633	0.0357	0.6505	-0.6148
  80	 947.667	0.6824	0.2780	+0.4044
  81	 947.700	0.0292	0.2120	-0.1828
  82	 947.733	0.0259	0.1828	-0.1569
  83	 947.767	0.0761	0.4368	-0.3606
  84	 947.800	0.0226	0.7766	-0.7540
  85	 947.833	0.0491	0.7990	-0.7500
  86	 947.867	0.0266	1.0000	-0.9734
  87	 947.900	0.0135	0.2516	-0.2382
  88	 947.933	1.0000	0.0628	+0.9372
  89	 947.967	0.0200	0.0832	-0.0632
  90	 948.000	0.4863	0.1564	+0.3299
  91	 948.033	0.4663	0.1250	+0.3414
  92	 948.067	0.4702	0.0882	+0.3820
  93	 948.100	0.0372	0.1193	-0.0821
  94	 948.133	0.0255	0.1813	-0.1559
  95	 948.167	0.4796	0.2254	+0.2542
  96	 948.200	0.4901	0.8434	-0.3533
  97	 948.233	0.4594	0.4313	+0.0280
  98	 948.267	0.0219	0.3395	-0.3176
  99	 948.300	0.0194	1.0000	-0.9806
 100	 948.333	0.0321	1.0000	-0.9679
 101	 948.367	0.4704	0.2337	+0.2367
 102	 948.400	0.4618	0.1337	+0.3281
 103	 948.433	0.4703	0.1209	+0.3493
 104	 948.467	0.0450	0.2698	-0.2247
 105	 948.500	0.0239	1.0000	-0.9761
 106	 948.533	0.0098	0.3252	-0.3154
 107	 948.567	0.0482	1.0000	-0.9518
 108	 948.600	0.0564	0.5351	-0.4787
 109	 948.633	0.0433	0.2192	-0.1759
 110	 948.667	0.0799	0.0843	-0.0044
 111	 948.700	0.0932	0.0687	+0.0244
 112	 948.733	0.1212	0.0643	+0.0568
 113	 948.767	0.7386	0.0455	+0.6931
 114	 948.800	0.0644	0.0721	-0.0078
 115	 948.833	0.0771	0.1354	-0.0582
 116	 948.867	0.0432	0.0657	-0.0225
 117	 948.900	0.0332	0.0642	-0.0310
 118	 948.933	0.0557	0.0361	+0.0195
 119	 948.967	0.4701	0.0362	+0.4339
 120	 949.000	0.4814	0.0938	+0.3876
 121	 949.033	0.0780	0.0824	-0.0044
 122	 949.067	0.0640	0.1123	-0.0483
 123	 949.100	0.0712	0.0522	+0.0190
 124	 949.133	0.7240	0.2070	+0.5171
 125	 949.167	0.1299	0.1125	+0.0174
 126	 949.200	0.0899	0.1644	-0.0744
 127	 949.233	0.0995	1.0000	-0.9005
 128	 949.267	0.0790	0.8708	-0.7917
 129	 949.300	0.0496	0.3525	-0.3029
 130	 949.333	0.0413	0.3512	-0.3099
 131	 949.367	0.0680	0.6191	-0.5511
 132	 949.400	0.0428	0.1550	-0.1122
 133	 949.433	0.0821	0.3164	-0.2343
 134	 949.467	0.0542	1.0000	-0.9458
 135	 949.500	0.1000	1.0000	-0.9000
 136	 949.533	0.0914	1.0000	-0.9086
 137	 949.567	0.7658	1.0000	-0.2342
 138	 949.600	0.1007	0.7160	-0.6153
 139	 949.633	0.0303	0.4587	-0.4284
 140	 949.667	0.0357	0.4992	-0.4635
 141	 949.700	0.6154	0.4428	+0.1726
 142	 949.733	0.6435	0.3160	+0.3275
 143	 949.767	0.0296	0.3090	-0.2795
 144	 949.800	0.0526	0.2267	-0.1741
 145	 949.833	0.0510	0.1688	-0.1179
 146	 949.867	0.0992	0.3245	-0.2253
 147	 949.900	0.7630	0.1014	+0.6616
 148	 949.933	0.0511	0.1221	-0.0710
 149	 949.967	0.7723	0.0633	+0.7090
 150	 950.000	0.7758	0.1044	+0.6714
 151	 950.033	0.0266	0.3225	-0.2960
 152	 950.067	1.0000	0.0464	+0.9536
 153	 950.100	1.0000	0.2280	+0.7720
 154	 950.133	0.0381	0.3347	-0.2966
 155	 950.167	0.4468	0.1270	+0.3198
 156	 950.200	0.6074	0.1160	+0.4914
 157	 950.233	0.0097	0.1005	-0.0907
 158	 950.267	0.6921	0.0945	+0.5975
 159	 950.300	0.0533	0.1607	-0.1074
 160	 950.333	0.0513	0.0638	-0.0125
 161	 950.367	0.6857	0.0680	+0.6177
 162	 950.400	0.6840	0.2599	+0.4241
 163	 950.433	0.0112	0.2775	-0.2663
 164	 950.467	0.0102	0.1916	-0.1813
 165	 950.500	0.6993	0.2244	+0.4749
 166	 950.533	0.0251	0.1393	-0.1141
 167	 950.567	0.0062	0.1333	-0.1271
 168	 950.600	0.0517	0.3928	-0.3411
 169	 950.633	0.0090	0.5198	-0.5107
 170	 950.667	0.0066	1.0000	-0.9934
 171	 950.700	0.0110	0.4360	-0.4250
 172	 950.733	0.0155	0.4320	-0.4164
 173	 950.767	0.7620	0.4910	+0.2711
 174	 950.800	0.0342	0.3126	-0.2784
 175	 950.833	0.0214	0.4036	-0.3822
 176	 950.867	0.0196	0.2885	-0.2689
 177	 950.900	0.0125	0.2258	-0.2133
 178	 950.933	0.0367	0.6593	-0.6226
 179	 950.967	0.0180	0.6573	-0.6393
 180	 951.000	0.0197	0.1366	-0.1168
 181	 951.033	0.0181	0.1308	-0.1127
 182	 951.067	0.0201	0.1172	-0.0971
 183	 951.100	0.0604	0.1713	-0.1110
 184	 951.133	0.0446	0.2402	-0.1956
 185	 951.167	0.7721	0.2346	+0.5375
 186	 951.200	0.0520	0.3128	-0.2608
 187	 951.233	0.0252	0.2194	-0.1942
 188	 951.267	0.0799	0.5906	-0.5106
 189	 951.300	0.0515	0.5680	-0.5165
 190	 951.333	0.0405	0.5451	-0.5045
 191	 951.367	0.6201	0.5219	+0.0982
 192	 951.400	0.0305	0.0702	-0.0397
 193	 951.433	0.0111	0.0580	-0.0469
 194	 951.467	0.0410	0.5077	-0.4666
 195	 951.500	0.0406	0.2010	-0.1603
 196	 951.533	0.6599	0.1300	+0.5299
 197	 951.567	0.0590	0.5323	-0.4733
 198	 951.600	0.0680	0.2586	-0.1906
 199	 951.633	0.0395	0.5524	-0.5128
 200	 951.667	0.0686	0.1390	-0.0704
 201	 951.700	0.0360	0.1416	-0.1056
 202	 951.733	0.0307	0.2466	-0.2159
 203	 951.767	0.0284	0.2548	-0.2264
 204	 951.800	0.0545	0.1528	-0.0983
 205	 951.833	0.0350	0.3426	-0.3076
 206	 951.867	0.0770	0.1480	-0.0711
 207	 951.900	0.0571	0.1008	-0.0436
 208	 951.933	0.0622	0.1219	-0.0597
 209	 951.967	0.0963	0.1806	-0.0842
 210	 952.000	0.0603	0.0679	-0.0076
 211	 952.033	0.0877	0.3063	-0.2186
 212	 952.067	0.0883	0.2175	-0.1292
 213	 952.100	0.0511	0.2257	-0.1746
 214	 952.133	0.5161	0.1419	+0.3742
 215	 952.167	0.0569	0.5641	-0.5072
 216	 952.200	0.5475	0.5454	+0.0021
 217	 952.233	0.0341	0.2254	-0.1913
 218	 952.267	0.0315	0.1607	-0.1292
 219	 952.300	0.0702	0.6343	-0.5640
 220	 952.333	0.1087	0.1391	-0.0304
 221	 952.367	0.0673	0.5952	-0.5279
 222	 952.400	0.0927	0.5735	-0.4808
 223	 952.433	0.0937	0.0758	+0.0179
 224	 952.467	0.0592	0.1841	-0.1249
 225	 952.500	0.7616	0.1521	+0.6095
 226	 952.533	0.0459	0.1286	-0.0827
 227	 952.567	0.0202	0.2956	-0.2754
 228	 952.600	0.0157	0.4276	-0.4119
 229	 952.633	0.0295	0.5276	-0.4981
 230	 952.667	0.0194	0.7109	-0.6915
 231	 952.700	0.0417	0.4059	-0.3641
 232	 952.733	0.0238	0.5283	-0.5045
 233	 952.767	0.0292	0.4097	-0.3805
 234	 952.800	0.0115	0.3187	-0.3072
 235	 952.833	0.0329	0.2677	-0.2348
 236	 952.867	0.0326	0.0830	-0.0504
 237	 952.900	0.0309	0.1820	-0.1511
 238	 952.933	0.0131	0.1730	-0.1599
 239	 952.967	0.4318	0.0969	+0.3349
 240	 953.000	0.4247	0.2125	+0.2122
 241	 953.033	0.0266	0.2085	-0.1819
 242	 953.067	0.0308	0.2470	-0.2162
 243	 953.100	0.0197	0.2284	-0.2087
 244	 953.133	0.0169	0.0733	-0.0564
 245	 953.167	0.0308	0.0907	-0.0600
 246	 953.200	0.0413	0.2089	-0.1676
 247	 953.233	0.0646	0.1862	-0.1216
 248	 953.267	0.7976	0.1909	+0.6067
 249	 953.300	0.1130	1.0000	-0.8870
 250	 953.333	0.0538	1.0000	-0.9462
 251	 953.367	0.6007	1.0000	-0.3993
 252	 953.400	0.0429	0.1602	-0.1173
 253	 953.433	0.0249	1.0000	-0.9751
 254	 953.467	0.5961	0.2606	+0.3355
 255	 953.500	0.0440	0.9407	-0.8967
 256	 953.533	0.0789	1.0000	-0.9211
 257	 953.567	0.7768	0.0886	+0.6882
 258	 953.600	0.1221	0.5297	-0.4076
 259	 953.633	0.0744	0.2758	-0.2014
 260	 953.667	0.0779	0.7556	-0.6777
 261	 953.700	0.1108	0.1165	-0.0057
 262	 953.733	0.0991	0.1142	-0.0150
 263	 953.767	0.0490	0.8311	-0.7821
 264	 953.800	0.0371	1.0000	-0.9629
 265	 953.833	0.0371	1.0000	-0.9629
 266	 953.867	0.0337	0.1703	-0.1366
 267	 953.900	0.0942	0.1646	-0.0704
 268	 953.933	0.0642	0.1930	-0.1288
 269	 953.967	0.0794	0.2669	-0.1875
 270	 954.000	0.0945	0.2034	-0.1089
 271	 954.033	0.0917	0.1529	-0.0612
 272	 954.067	0.0702	0.1832	-0.1130
 273	 954.100	0.0904	0.0978	-0.0075
 274	 954.133	0.0441	0.1234	-0.0793
 275	 954.167	0.0317	0.2206	-0.1889
 276	 954.200	0.0416	0.1708	-0.1291
 277	 954.233	0.0534	0.2237	-0.1703
 278	 954.267	0.0510	0.1112	-0.0601
 279	 954.300	0.0458	0.1504	-0.1046
 280	 954.333	0.0457	0.1811	-0.1354
 281	 954.367	0.0426	0.4275	-0.3849
 282	 954.400	0.0300	0.2841	-0.2541
 283	 954.433	0.0304	0.2283	-0.1979
 284	 954.467	0.7464	0.1226	+0.6238
 285	 954.500	0.0453	0.2535	-0.2082
 286	 954.533	0.0377	0.4302	-0.3925
 287	 954.567	0.0429	0.3145	-0.2716
 288	 954.600	0.0418	0.1169	-0.0750
 289	 954.633	0.0229	0.2104	-0.1875
 290	 954.667	0.0311	0.2627	-0.2317
 291	 954.700	0.0316	0.1630	-0.1313
 292	 954.733	0.0305	0.3011	-0.2706
 293	 954.767	0.0262	0.2449	-0.2187
 294	 954.800	0.7500	0.4062	+0.3439
 295	 954.833	0.0191	0.2191	-0.2000
 296	 954.867	0.0543	0.2175	-0.1633
 297	 954.900	0.0211	0.2096	-0.1884
 298	 954.933	0.0552	0.2588	-0.2037
 299	 954.967	0.0366	0.2840	-0.2474
 300	 955.000	0.7637	0.1847	+0.5790
 301	 955.033	0.0730	0.2319	-0.1589
 302	 955.067	0.0753	0.1888	-0.1135
 303	 955.100	0.1225	0.1441	-0.0216
 304	 955.133	0.0504	0.1493	-0.0989
 305	 955.167	0.0574	0.3034	-0.2461
 306	 955.200	0.5599	0.2127	+0.3472
 307	 955.233	0.0311	0.2173	-0.1862
 308	 955.267	0.5393	0.2257	+0.3136
 309	 955.300	0.0811	0.2550	-0.1739
 310	 955.333	0.0580	0.3820	-0.3240
 311	 955.367	0.1088	0.2508	-0.1420
 312	 955.400	0.1255	0.1019	+0.0235
 313	 955.433	0.7464	0.1757	+0.5707
 314	 955.467	0.0998	0.1685	-0.0687
 315	 955.500	0.0912	0.0889	+0.0023
 316	 955.533	0.1000	0.1598	-0.0598
 317	 955.567	0.0460	0.2398	-0.1939
 318	 955.600	0.0270	0.6063	-0.5794
 319	 955.633	0.0506	0.1440	-0.0934
 320	 955.667	0.0377	0.5743	-0.5366
 321	 955.700	0.0540	0.1102	-0.0562
 322	 955.733	0.0727	0.0853	-0.0126
 323	 955.767	0.1026	0.0683	+0.0343
 324	 955.800	0.1172	0.2115	-0.0943
 325	 955.833	0.7736	0.1189	+0.6547
 326	 955.867	0.1187	0.2048	-0.0861
 327	 955.900	0.0626	0.0899	-0.0273
 328	 955.933	0.0807	0.1545	-0.0738
 329	 955.967	0.0339	0.2148	-0.1810
 330	 956.000	0.5820	0.1380	+0.4440
 331	 956.033	0.0188	0.2086	-0.1898
 332	 956.067	0.6256	0.1104	+0.5152
 333	 956.100	0.0324	0.1736	-0.1413
 334	 956.133	0.0749	0.2811	-0.2062
 335	 956.167	0.0377	0.2347	-0.1970
 336	 956.200	0.0700	0.1745	-0.1046
 337	 956.233	0.0517	0.6064	-0.5547
 338	 956.267	0.0608	0.5685	-0.5078
 339	 956.300	0.7673	0.3534	+0.4139
 340	 956.333	0.0329	0.1512	-0.1183
 341	 956.367	0.0238	0.2170	-0.1932
 342	 956.400	0.0196	0.4929	-0.4734
 343	 956.433	0.0273	0.2580	-0.2307
 344	 956.467	0.0423	0.1646	-0.1223
 345	 956.500	0.0314	0.5170	-0.4856
 346	 956.533	0.7776	0.1280	+0.6496
 347	 956.567	0.0497	0.5834	-0.5337
 348	 956.600	0.0491	0.0983	-0.0492
 349	 956.633	0.0484	0.2073	-0.1589
 350	 956.667	0.0433	0.0850	-0.0417
 351	 956.700	0.0268	0.2457	-0.2190
 352	 956.733	0.6817	0.1205	+0.5612
 353	 956.767	0.6710	0.6082	+0.0628
 354	 956.800	0.0324	0.1310	-0.0986
 355	 956.833	0.0465	0.3994	-0.3529
 356	 956.867	0.0302	0.1307	-0.1006
 357	 956.900	0.0158	0.1504	-0.1347
 358	 956.933	0.0247	0.6365	-0.6117
 359	 956.967	0.0678	0.6058	-0.5379
 360	 957.000	0.0470	0.1947	-0.1477
 361	 957.033	0.0165	0.0675	-0.0510
 362	 957.067	0.0559	0.5660	-0.5101
 363	 957.100	0.0582	0.5840	-0.5258
 364	 957.133	0.6827	0.2008	+0.4819
 365	 957.167	0.6917	0.1885	+0.5032
 366	 957.200	0.0397	0.0852	-0.0454
 367	 957.233	0.0278	1.0000	-0.9722
 368	 957.267	0.0169	1.0000	-0.9831
 369	 957.300	0.6932	0.3105	+0.3827
 370	 957.333	1.0000	0.4635	+0.5365
 371	 957.367	0.0117	0.5988	-0.5871
 372	 957.400	0.0152	0.6036	-0.5884
 373	 957.433	0.0053	0.5314	-0.5260
 374	 957.467	0.0091	0.5434	-0.5343
 375	 957.500	0.0217	0.4931	-0.4715
 376	 957.533	0.0151	0.2834	-0.2683
 377	 957.567	0.0609	0.2643	-0.2034
 378	 957.600	0.0127	0.2770	-0.2644
 379	 957.633	0.4467	0.6317	-0.1850
 380	 957.667	0.0101	0.6962	-0.6861
 381	 957.700	0.4607	0.0681	+0.3925
 382	 957.733	0.0119	0.2124	-0.2005
 383	 957.767	0.4581	0.1378	+0.3203
 384	 957.800	0.0083	0.5941	-0.5858
 385	 957.833	0.0050	0.0212	-0.0162
 386	 957.867	0.0061	0.9508	-0.9447
 387	 957.900	0.0187	0.9798	-0.9611
 388	 957.933	0.0104	0.6525	-0.6420
 389	 957.967	0.0074	0.2912	-0.2839
 390	 958.000	0.7582	0.1665	+0.5917
 391	 958.033	0.0087	0.7684	-0.7597
 392	 958.067	0.0478	0.2365	-0.1887
 393	 958.100	0.0059	0.5917	-0.5858
 394	 958.133	0.0076	0.1178	-0.1101
 395	 958.167	0.0073	0.5824	-0.5751
 396	 958.200	0.0095	0.1564	-0.1469
 397	 958.233	0.0049	0.1832	-0.1783
 398	 958.267	0.0064	0.6898	-0.6834
 399	 958.300	0.0171	0.6408	-0.6238
 400	 958.333	0.0349	0.2274	-0.1926
 401	 958.367	0.0284	0.6723	-0.6439
 402	 958.400	0.0090	0.2679	-0.2589
 403	 958.433	0.0075	0.1187	-0.1112
 404	 958.467	0.0232	0.7475	-0.7243
 405	 958.500	0.6871	0.1024	+0.5847
 406	 958.533	0.0238	0.0936	-0.0697
 407	 958.567	0.0124	0.6568	-0.6444
 408	 958.600	0.0238	0.3169	-0.2931
 409	 958.633	0.0452	0.5961	-0.5510
 410	 958.667	0.6931	0.0709	+0.6222
 411	 958.700	0.6795	0.2234	+0.4561
 412	 958.733	0.0375	0.1610	-0.1235
 413	 958.767	0.0617	0.3359	-0.2742
 414	 958.800	0.0067	0.1063	-0.0996
 415	 958.833	0.0295	0.3279	-0.2984
 416	 958.867	0.0300	0.1403	-0.1103
 417	 958.900	0.0039	0.2124	-0.2084
 418	 958.933	0.0083	0.0890	-0.0807
 419	 958.967	0.0074	0.2841	-0.2766
 420	 959.000	0.0087	0.7520	-0.7433
 421	 959.033	0.0039	0.6516	-0.6477
 422	 959.067	0.0049	0.7423	-0.7374
 423	 959.100	0.6717	0.8663	-0.1946
 424	 959.133	0.0082	0.4226	-0.4144
 425	 959.167	0.6757	0.1419	+0.5338
 426	 959.200	0.0053	0.2268	-0.2215
 427	 959.233	0.6754	0.3376	+0.3378
 428	 959.267	0.0097	0.2143	-0.2046
 429	 959.300	0.6644	0.2464	+0.4180
 430	 959.333	0.0214	0.4792	-0.4577
 431	 959.367	1.0000	0.2511	+0.7489
 432	 959.400	1.0000	0.3039	+0.6961
 433	 959.433	0.6682	0.2080	+0.4601
 434	 959.467	0.0063	0.2390	-0.2327
 435	 959.500	0.0104	0.3512	-0.3408
 436	 959.533	0.6715	0.3908	+0.2808
 437	 959.567	0.6681	0.2381	+0.4301
 438	 959.600	0.0089	0.4490	-0.4401
 439	 959.633	0.0115	0.6487	-0.6372
 440	 959.667	0.7760	0.5195	+0.2566
 441	 959.700	0.4687	1.0000	-0.5313
 442	 959.733	0.4775	0.1790	+0.2985
 443	 959.767	0.0113	0.1163	-0.1051
 444	 959.800	0.0317	0.0849	-0.0532
 445	 959.833	0.7771	0.1828	+0.5943
 446	 959.867	0.1293	0.3084	-0.1790
 447	 959.900	0.1052	0.1159	-0.0107
 448	 959.933	0.1626	0.2358	-0.0732
 449	 959.967	0.0665	0.4839	-0.4173
 450	 960.000	0.0707	1.0000	-0.9293
 451	 960.033	0.0600	0.8819	-0.8219
 452	 960.067	0.4964	0.5463	-0.0499
 453	 960.100	0.5018	1.0000	-0.4982
 454	 960.133	0.0458	1.0000	-0.9542
 455	 960.167	0.0643	1.0000	-0.9357
 456	 960.200	0.1131	0.0945	+0.0186
 457	 960.233	0.1007	0.1058	-0.0051
 458	 960.267	0.1894	0.0799	+0.1095
 459	 960.300	0.8168	0.0529	+0.7639
 460	 960.333	0.1404	0.1010	+0.0394
 461	 960.367	0.1157	0.0963	+0.0194
 462	 960.400	0.1370	0.2938	-0.1568
 463	 960.433	0.0740	0.1115	-0.0376
 464	 960.467	0.0481	0.3325	-0.2844
 465	 960.500	0.0639	0.5700	-0.5060
 466	 960.533	0.0339	1.0000	-0.9661
 467	 960.567	0.0604	0.5261	-0.4657
 468	 960.600	0.1099	0.2855	-0.1756
 469	 960.633	0.0975	0.2943	-0.1968
 470	 960.667	0.1273	0.3130	-0.1857
 471	 960.700	0.1225	0.3980	-0.2755
 472	 960.733	0.0977	0.3037	-0.2059
 473	 960.767	0.0728	0.1862	-0.1134
 474	 960.800	0.0798	0.6463	-0.5665
 475	 960.833	0.7520	0.3587	+0.3932
 476	 960.867	0.7490	0.6189	+0.1301
 477	 960.900	0.0392	0.2902	-0.2511
 478	 960.933	0.0317	0.2839	-0.2521
 479	 960.967	0.0509	0.2264	-0.1755
 480	 961.000	0.0291	0.3530	-0.3238
 481	 961.033	0.0427	0.7452	-0.7025
 482	 961.067	0.0573	0.8253	-0.7680
 483	 961.100	0.0362	0.2083	-0.1720
 484	 961.133	0.0597	0.1981	-0.1384
 485	 961.167	0.0334	0.2179	-0.1846
 486	 961.200	0.0510	0.1241	-0.0731
 487	 961.233	0.7260	0.7453	-0.0193
 488	 961.267	0.7444	0.2952	+0.4492
 489	 961.300	0.0582	0.3651	-0.3068
 490	 961.333	0.0511	0.3330	-0.2819
 491	 961.367	0.0365	0.6507	-0.6142
 492	 961.400	0.0635	0.7418	-0.6783
 493	 961.433	0.1011	0.6266	-0.5254
 494	 961.467	0.0481	0.7319	-0.6837
 495	 961.500	0.7980	0.2869	+0.5111
 496	 961.533	0.0835	0.2757	-0.1921
 497	 961.567	0.0586	0.2345	-0.1759
 498	 961.600	0.0255	0.3204	-0.2950
 499	 961.633	0.0541	0.4546	-0.4005
 500	 961.667	0.0828	0.4334	-0.3506
 501	 961.700	0.7478	0.3503	+0.3975
 502	 961.733	0.0292	0.5588	-0.5295
 503	 961.767	0.0622	0.4812	-0.4189
 504	 961.800	0.0277	0.6538	-0.6261
 505	 961.833	0.0403	1.0000	-0.9597
 506	 961.867	0.7638	0.1136	+0.6502
 507	 961.900	0.0676	0.0700	-0.0025
 508	 961.933	0.0401	0.1343	-0.0942
 509	 961.967	0.0534	0.0422	+0.0113
 510	 962.000	0.0215	0.1075	-0.0860
 511	 962.033	0.0630	0.0937	-0.0307
 512	 962.067	0.7379	0.1333	+0.6046
 513	 962.100	0.0784	0.2550	-0.1766
 514	 962.133	0.0619	0.1482	-0.0863
 515	 962.167	0.0410	0.3180	-0.2770
 516	 962.200	0.0419	1.0000	-0.9581
 517	 962.233	0.0380	1.0000	-0.9620
 518	 962.267	0.0695	0.9285	-0.8591
 519	 962.300	0.0262	0.1812	-0.1550
 520	 962.333	0.0307	0.1622	-0.1314
 521	 962.367	0.0254	0.1652	-0.1398
 522	 962.400	0.0205	0.1033	-0.0828
 523	 962.433	0.0452	0.1113	-0.0661
 524	 962.467	0.0323	0.2739	-0.2416
 525	 962.500	0.0289	0.4071	-0.3783
 526	 962.533	0.0231	0.3277	-0.3046
 527	 962.567	0.0195	0.3427	-0.3232
 528	 962.600	0.0366	0.1887	-0.1522
 529	 962.633	0.0373	0.2415	-0.2042
 530	 962.667	0.0275	0.2229	-0.1954
 531	 962.700	0.0186	0.2368	-0.2182
 532	 962.733	0.0229	0.1953	-0.1723
 533	 962.767	0.0375	0.3718	-0.3343
 534	 962.800	0.0192	0.3904	-0.3712
 535	 962.833	0.0229	0.2589	-0.2359
 536	 962.867	0.0210	0.3048	-0.2838
 537	 962.900	0.0485	0.2347	-0.1862
 538	 962.933	0.0222	0.2748	-0.2526
 539	 962.967	0.0455	0.5844	-0.5389
 540	 963.000	0.0106	0.1807	-0.1701
 541	 963.033	0.0076	0.0891	-0.0814
 542	 963.067	0.0096	0.1693	-0.1597
 543	 963.100	0.0148	0.1986	-0.1838
 544	 963.133	0.0236	0.1008	-0.0772
 545	 963.167	0.0351	0.1257	-0.0906
 546	 963.200	0.0124	0.2963	-0.2839
 547	 963.233	0.0352	0.2021	-0.1669
 548	 963.267	0.0229	0.1536	-0.1307
 549	 963.300	0.0390	0.3233	-0.2843
 550	 963.333	0.0104	0.0941	-0.0838
 551	 963.367	0.7648	0.0847	+0.6801
 552	 963.400	0.7714	0.1953	+0.5761
 553	 963.433	0.0191	0.6655	-0.6463
 554	 963.467	0.7689	0.6460	+0.1230
 555	 963.500	0.7705	0.3122	+0.4583
 556	 963.533	0.0221	0.1631	-0.1410
 557	 963.567	0.0047	0.6758	-0.6712
 558	 963.600	0.0443	0.1242	-0.0798
 559	 963.633	0.0201	0.3123	-0.2922
 560	 963.667	0.0095	0.2498	-0.2402
 561	 963.700	0.0596	0.1251	-0.0655
 562	 963.733	0.0067	0.1283	-0.1216
 563	 963.767	0.0235	0.2109	-0.1874
 564	 963.800	0.0108	0.1025	-0.0917
 565	 963.833	0.0096	0.0985	-0.0889
 566	 963.867	0.0207	0.0696	-0.0488
 567	 963.900	0.0310	0.1276	-0.0966
 568	 963.933	0.0117	0.0637	-0.0520
 569	 963.967	0.0064	0.1370	-0.1306
 570	 964.000	0.0335	0.1492	-0.1157
 571	 964.033	0.0117	0.3072	-0.2955
 572	 964.067	0.0147	0.1420	-0.1273
 573	 964.100	0.0196	0.1103	-0.0907
 574	 964.133	0.0328	0.0464	-0.0136
 575	 964.167	0.0595	0.2146	-0.1551
 576	 964.200	0.0426	0.1881	-0.1455
 577	 964.233	0.0092	0.1671	-0.1579
 578	 964.267	0.0129	0.2758	-0.2630
 579	 964.300	0.0087	0.2339	-0.2252
 580	 964.333	0.0127	0.1446	-0.1319
 581	 964.367	0.0217	0.2328	-0.2111
 582	 964.400	0.0212	0.1580	-0.1368
 583	 964.433	0.0178	0.1430	-0.1252
 584	 964.467	0.0116	0.4289	-0.4173
 585	 964.500	0.0439	1.0000	-0.9561
 586	 964.533	0.0316	1.0000	-0.9684
 587	 964.567	0.0466	1.0000	-0.9534
 588	 964.600	0.0394	0.2038	-0.1643
 589	 964.633	0.0289	0.1504	-0.1215
 590	 964.667	0.0523	0.1098	-0.0576
 591	 964.700	0.0222	0.0911	-0.0690
 592	 964.733	0.0627	0.0918	-0.0291
 593	 964.767	0.0189	0.3071	-0.2883
 594	 964.800	0.0211	0.6084	-0.5873
 595	 964.833	0.0078	0.5045	-0.4967
 596	 964.867	0.0195	0.2440	-0.2245
 597	 964.900	0.0059	0.2461	-0.2402
 598	 964.933	0.0085	1.0000	-0.9915
 599	 964.967	0.0067	0.3122	-0.3055
 600	 965.000	0.0217	0.1469	-0.1252
 601	 965.033	0.0166	0.2142	-0.1976
 602	 965.067	0.0189	0.3001	-0.2812
 603	 965.100	0.0447	0.5270	-0.4823
 604	 965.133	0.7526	0.4437	+0.3088
 605	 965.167	0.0219	0.4759	-0.4540
 606	 965.200	0.0193	0.4332	-0.4139
 607	 965.233	0.0219	0.4425	-0.4205
 608	 965.267	0.0112	0.8024	-0.7912
 609	 965.300	0.0446	1.0000	-0.9554
 610	 965.333	0.0071	0.1468	-0.1397
 611	 965.367	0.7637	0.2531	+0.5106
 612	 965.400	1.0000	0.0425	+0.9575
 613	 965.433	0.0795	0.0397	+0.0398
 614	 965.467	0.7041	0.0612	+0.6428
 615	 965.500	0.0098	0.1074	-0.0977
 616	 965.533	0.0371	0.1137	-0.0766
 617	 965.567	0.0247	0.1595	-0.1349
 618	 965.600	0.0271	0.4026	-0.3755
 619	 965.633	0.0076	0.0819	-0.0743
 620	 965.667	0.0100	0.4622	-0.4522
 621	 965.700	0.0236	0.1405	-0.1169
 622	 965.733	0.0078	0.3589	-0.3512
 623	 965.767	0.0084	0.0811	-0.0727
 624	 965.800	0.0465	0.1849	-0.1383
 625	 965.833	0.7700	0.1069	+0.6631
 626	 965.867	0.0094	0.1025	-0.0930
 627	 965.900	0.0187	0.1157	-0.0970
 628	 965.933	0.0274	0.5560	-0.5287
 629	 965.967	0.4826	0.1412	+0.3413
 630	 966.000	0.4824	0.5590	-0.0766
 631	 966.033	0.7672	0.0975	+0.6697
 632	 966.067	0.7661	0.1633	+0.6028
 633	 966.100	0.0527	0.1880	-0.1353
 634	 966.133	0.0079	0.1910	-0.1831
 635	 966.167	0.0215	0.0732	-0.0516
 636	 966.200	0.0438	0.6615	-0.6177
 637	 966.233	0.0234	0.0785	-0.0552
 638	 966.267	0.0081	0.1268	-0.1187
 639	 966.300	0.4672	0.6362	-0.1691
 640	 966.333	0.0102	0.9456	-0.9354
 641	 966.367	0.4655	0.9290	-0.4635
 642	 966.400	0.0074	0.0674	-0.0600
 643	 966.433	0.0071	0.0636	-0.0565
 644	 966.467	0.0109	0.0642	-0.0533
 645	 966.500	0.0044	0.8760	-0.8716
 646	 966.533	0.0064	0.6191	-0.6127
 647	 966.567	0.0222	0.3456	-0.3234
 648	 966.600	0.0211	0.8737	-0.8526
 649	 966.633	0.0205	0.2082	-0.1877
 650	 966.667	0.0235	0.2503	-0.2269
 651	 966.700	0.0067	0.2605	-0.2539
 652	 966.733	0.4599	0.1590	+0.3009
 653	 966.767	0.0082	0.0998	-0.0916
 654	 966.800	0.4601	0.0893	+0.3708
 655	 966.833	0.7631	0.2235	+0.5396
 656	 966.867	0.0314	0.3041	-0.2727
 657	 966.900	0.0267	0.4053	-0.3786
 658	 966.933	0.7713	0.4507	+0.3206
 659	 966.967	0.0489	0.4597	-0.4108
 660	 967.000	0.0576	0.3887	-0.3311
 661	 967.033	0.7594	0.8412	-0.0818
 662	 967.067	0.7558	0.5330	+0.2228
 663	 967.100	0.0342	0.2897	-0.2555
 664	 967.133	0.0102	0.4231	-0.4128
 665	 967.167	0.0191	0.0825	-0.0634
 666	 967.200	0.0112	0.1352	-0.1240
 667	 967.233	1.0000	0.2636	+0.7364
 668	 967.267	0.7100	0.0974	+0.6126
 669	 967.300	0.7592	0.3340	+0.4252
 670	 967.333	0.0067	0.1206	-0.1139
 671	 967.367	0.0076	0.9958	-0.9882
 672	 967.400	0.0086	0.1172	-0.1086
 673	 967.433	0.0453	0.0814	-0.0360
 674	 967.467	0.0692	0.3312	-0.2620
 675	 967.500	0.7630	0.5077	+0.2553
 676	 967.533	0.1446	0.1963	-0.0517
 677	 967.567	0.1777	0.1494	+0.0283
 678	 967.600	0.1234	0.2504	-0.1270
 679	 967.633	0.1207	0.5911	-0.4704
 680	 967.667	0.4432	0.3773	+0.0659
 681	 967.700	0.0333	1.0000	-0.9667
 682	 967.733	0.4706	1.0000	-0.5294
 683	 967.767	0.0706	1.0000	-0.9294
 684	 967.800	0.0974	0.5214	-0.4239
 685	 967.833	0.0913	1.0000	-0.9087
 686	 967.867	0.1104	0.6167	-0.5063
 687	 967.900	0.8087	0.7563	+0.0524
 688	 967.933	0.1671	0.5894	-0.4223
 689	 967.967	0.1296	0.3082	-0.1786
 690	 968.000	0.1300	0.2924	-0.1624
 691	 968.033	0.0659	0.2555	-0.1896
 692	 968.067	0.0554	0.1211	-0.0657
 693	 968.100	0.0655	0.1373	-0.0717
 694	 968.133	0.1162	0.1746	-0.0584
 695	 968.167	0.0988	0.3410	-0.2423
 696	 968.200	0.1068	0.2010	-0.0943
 697	 968.233	0.0954	0.3905	-0.2951
 698	 968.267	0.1362	0.4217	-0.2855
 699	 968.300	0.0574	0.4087	-0.3514
 700	 968.333	0.0813	0.3785	-0.2972
 701	 968.367	0.7678	0.4291	+0.3388
 702	 968.400	0.7495	0.3942	+0.3553
 703	 968.433	0.0318	0.3637	-0.3319
 704	 968.467	0.0346	0.3594	-0.3249
 705	 968.500	0.0751	0.3434	-0.2683
 706	 968.533	0.0452	0.5115	-0.4663
 707	 968.567	0.0404	0.4006	-0.3602
 708	 968.600	0.0353	0.5182	-0.4829
 709	 968.633	0.0458	0.5238	-0.4781
 710	 968.667	0.0299	0.1078	-0.0779
 711	 968.700	0.0690	0.1057	-0.0367
 712	 968.733	0.7768	0.1170	+0.6598
 713	 968.767	0.0838	0.5367	-0.4528
 714	 968.800	0.0580	0.0890	-0.0310
 715	 968.833	0.0336	0.3612	-0.3276
 716	 968.867	0.0535	0.1342	-0.0807
 717	 968.900	0.0803	0.2738	-0.1935
 718	 968.933	0.0607	0.2874	-0.2268
 719	 968.967	0.7667	0.1071	+0.6597
 720	 969.000	0.0502	0.0843	-0.0342
 721	 969.033	0.0374	0.1701	-0.1327
 722	 969.067	0.0239	0.5680	-0.5441
 723	 969.100	0.0495	0.1511	-0.1016
 724	 969.133	0.0273	0.0717	-0.0443
 725	 969.167	0.0391	0.0580	-0.0189
 726	 969.200	0.0277	0.0633	-0.0357
 727	 969.233	0.0400	0.1194	-0.0794
 728	 969.267	0.0281	0.2049	-0.1768
 729	 969.300	0.0222	0.0997	-0.0775
 730	 969.333	0.0382	0.5266	-0.4885
 731	 969.367	0.0598	0.2709	-0.2111
 732	 969.400	0.0323	0.2202	-0.1879
 733	 969.433	0.0404	0.2667	-0.2263
 734	 969.467	0.0380	0.2444	-0.2065
 735	 969.500	0.0709	0.2156	-0.1447
 736	 969.533	0.0264	0.6602	-0.6338
 737	 969.567	0.0174	0.7461	-0.7287
 738	 969.600	0.0486	0.6164	-0.5677
 739	 969.633	0.0232	0.7749	-0.7517
 740	 969.667	0.0502	0.3792	-0.3289
 741	 969.700	0.0127	0.3758	-0.3631
 742	 969.733	0.4565	0.3338	+0.1227
 743	 969.767	0.4641	0.3588	+0.1053
 744	 969.800	0.0432	0.3443	-0.3011
 745	 969.833	0.4587	0.2356	+0.2231
 746	 969.867	0.0368	0.3242	-0.2875
 747	 969.900	0.4463	0.1609	+0.2853
 748	 969.933	0.0169	0.2093	-0.1924
 749	 969.967	0.0597	0.1355	-0.0758
 750	 970.000	0.0201	0.1206	-0.1005
 751	 970.033	0.4602	0.1305	+0.3297
 752	 970.067	0.4592	0.1073	+0.3519
 753	 970.100	0.4750	0.0657	+0.4093
 754	 970.133	0.4741	0.0894	+0.3847
 755	 970.167	0.4442	0.4887	-0.0445
 756	 970.200	0.4423	0.2512	+0.1911
 757	 970.233	0.0104	0.5548	-0.5443
 758	 970.267	0.0153	0.7562	-0.7410
 759	 970.300	0.0403	0.2051	-0.1648
 760	 970.333	0.4631	0.4810	-0.0179
 761	 970.367	0.4673	0.1803	+0.2870
 762	 970.400	0.0101	0.5354	-0.5253
 763	 970.433	0.4662	0.1821	+0.2842
 764	 970.467	0.0450	0.1578	-0.1127
 765	 970.500	0.4836	0.2368	+0.2468
 766	 970.533	0.0205	0.2345	-0.2140
 767	 970.567	0.0295	0.2743	-0.2448
 768	 970.600	0.0284	0.3336	-0.3052
 769	 970.633	0.0597	0.4432	-0.3835
 770	 970.667	0.0101	0.4394	-0.4293
 771	 970.700	0.7648	0.5747	+0.1900
 772	 970.733	0.6738	0.4111	+0.2627
 773	 970.767	1.0000	0.5841	+0.4159
 774	 970.800	0.0432	0.4468	-0.4036
 775	 970.833	0.0505	0.5134	-0.4628
 776	 970.867	0.0257	1.0000	-0.9743
 777	 970.900	0.0317	0.4751	-0.4434
 778	 970.933	0.0492	0.8861	-0.8369
 779	 970.967	0.0210	0.1590	-0.1380
 780	 971.000	0.0218	0.0898	-0.0680
 781	 971.033	0.0072	0.1691	-0.1619
 782	 971.067	0.0069	0.8790	-0.8721
 783	 971.100	0.0086	0.4869	-0.4782
 784	 971.133	0.0426	0.9327	-0.8900
 785	 971.167	0.0104	0.6563	-0.6459
 786	 971.200	0.0169	0.2470	-0.2301
 787	 971.233	0.0107	0.2221	-0.2114
 788	 971.267	0.0115	0.2322	-0.2206
 789	 971.300	0.0053	0.1622	-0.1569
 790	 971.333	0.0091	0.1591	-0.1500
 791	 971.367	0.0100	0.1881	-0.1781
 792	 971.400	0.0711	0.2599	-0.1888
 793	 971.433	0.0128	0.2247	-0.2118
 794	 971.467	0.0238	0.2073	-0.1835
 795	 971.500	0.0154	0.3413	-0.3259
 796	 971.533	0.0134	0.2103	-0.1969
 797	 971.567	0.0068	0.4248	-0.4180
 798	 971.600	0.0360	0.4903	-0.4543
 799	 971.633	0.0206	0.8664	-0.8458
 800	 971.667	0.0118	0.4790	-0.4672
 801	 971.700	0.0075	0.7371	-0.7296
 802	 971.733	0.4772	0.0979	+0.3793
 803	 971.767	0.0084	0.1056	-0.0971
 804	 971.800	0.4774	0.7361	-0.2587
 805	 971.833	0.0466	0.3252	-0.2786
 806	 971.867	0.0510	0.3536	-0.3026
 807	 971.900	0.0193	0.8237	-0.8044
 808	 971.933	0.4786	0.1950	+0.2835
 809	 971.967	0.4664	0.7214	-0.2550
 810	 972.000	0.0416	0.6846	-0.6430
 811	 972.033	0.4818	0.1907	+0.2911
 812	 972.067	0.0118	0.7228	-0.7110
 813	 972.100	0.0083	0.7650	-0.7567
 814	 972.133	0.4760	0.1925	+0.2835
 815	 972.167	0.0364	0.7395	-0.7031
 816	 972.200	0.0401	0.2244	-0.1843
 817	 972.233	0.0105	0.4715	-0.4610
 818	 972.267	0.0304	1.0000	-0.9696
 819	 972.300	0.0189	1.0000	-0.9811
 820	 972.333	0.0273	0.7877	-0.7604
 821	 972.367	0.0524	0.7380	-0.6856
 822	 972.400	0.0222	0.6097	-0.5875
 823	 972.433	0.0578	0.3027	-0.2449
 824	 972.467	0.0960	0.1262	-0.0302
 825	 972.500	0.7934	0.4649	+0.3285
 826	 972.533	0.1553	0.0879	+0.0674
 827	 972.567	0.1030	0.0720	+0.0311
 828	 972.600	0.1020	0.0386	+0.0634
 829	 972.633	0.0677	0.0408	+0.0269
 830	 972.667	0.4663	0.0372	+0.4291
 831	 972.700	0.4686	0.0803	+0.3883
 832	 972.733	0.0484	0.0501	-0.0017
 833	 972.767	0.0835	0.1582	-0.0747
 834	 972.800	0.0860	0.1030	-0.0170
 835	 972.833	0.1053	0.1466	-0.0413
 836	 972.867	0.7969	0.0943	+0.7026
 837	 972.900	0.1344	0.6010	-0.4666
 838	 972.933	0.1491	0.5762	-0.4271
 839	 972.967	0.1323	0.0676	+0.0647
 840	 973.000	0.0945	0.1600	-0.0655
 841	 973.033	0.0365	0.1637	-0.1273
 842	 973.067	0.0392	0.0897	-0.0505
 843	 973.100	0.0799	0.2330	-0.1530
 844	 973.133	0.1422	0.1456	-0.0035
 845	 973.167	0.0775	0.2791	-0.2016
 846	 973.200	0.1130	0.1395	-0.0265
 847	 973.233	0.1101	0.2114	-0.1013
 848	 973.267	0.1445	0.8089	-0.6645
 849	 973.300	0.7934	0.9921	-0.1986
 850	 973.333	0.0905	0.9011	-0.8106
 851	 973.367	0.0586	0.2317	-0.1731
 852	 973.400	0.0465	0.7907	-0.7443
 853	 973.433	0.0331	0.6320	-0.5990
 854	 973.467	0.0710	0.2004	-0.1294
 855	 973.500	0.7524	0.2085	+0.5439
 856	 973.533	0.0736	0.0726	+0.0010
 857	 973.567	0.0581	0.1556	-0.0976
 858	 973.600	0.0630	0.9284	-0.8653
 859	 973.633	0.0507	0.1292	-0.0785
 860	 973.667	0.0382	0.1623	-0.1241
 861	 973.700	0.0434	0.7428	-0.6994
 862	 973.733	0.0469	0.1753	-0.1284
 863	 973.767	0.0338	0.2163	-0.1825
 864	 973.800	0.0617	0.9830	-0.9213
 865	 973.833	0.0312	0.9713	-0.9401
 866	 973.867	0.0545	0.2829	-0.2284
 867	 973.900	0.0285	0.3685	-0.3401
 868	 973.933	0.0256	0.2770	-0.2514
 869	 973.967	0.0626	0.3788	-0.3161
 870	 974.000	0.0301	0.1897	-0.1595
 871	 974.033	0.0336	0.2159	-0.1823
 872	 974.067	0.0307	0.1526	-0.1218
 873	 974.100	0.0327	0.1509	-0.1181
 874	 974.133	0.0566	0.1468	-0.0902
 875	 974.167	0.0427	0.2715	-0.2288
 876	 974.200	0.0556	1.0000	-0.9444
 877	 974.233	0.0263	0.9851	-0.9587
 878	 974.267	0.0286	0.9998	-0.9711
 879	 974.300	0.0178	0.2120	-0.1941
 880	 974.333	0.0161	1.0000	-0.9839
 881	 974.367	0.0173	0.5971	-0.5798
 882	 974.400	0.0407	0.2952	-0.2544
 883	 974.433	0.0369	0.3539	-0.3170
 884	 974.467	0.0316	0.5038	-0.4722
 885	 974.500	0.0348	0.4909	-0.4561
 886	 974.533	0.0386	1.0000	-0.9614
 887	 974.567	0.0228	0.4086	-0.3858
 888	 974.600	0.0297	0.2231	-0.1934
 889	 974.633	0.0504	0.1042	-0.0538
 890	 974.667	0.0279	0.1756	-0.1477
 891	 974.700	0.0266	0.1887	-0.1621
 892	 974.733	0.0501	0.1540	-0.1039
 893	 974.767	0.0239	0.1835	-0.1597
 894	 974.800	0.0285	0.2119	-0.1834
 895	 974.833	0.0351	0.2343	-0.1992
 896	 974.867	0.0455	0.1644	-0.1189
 897	 974.900	0.0556	0.0716	-0.0160
 898	 974.933	0.0633	0.1987	-0.1354
 899	 974.967	0.0446	0.1361	-0.0915
 900	 975.000	0.0423	0.0992	-0.0569
 901	 975.033	0.0311	0.0822	-0.0511
 902	 975.067	0.1077	0.1362	-0.0284
 903	 975.100	0.0766	0.1160	-0.0394
 904	 975.133	0.7664	0.0865	+0.6799
 905	 975.167	0.1207	0.0942	+0.0265
 906	 975.200	0.1165	0.0782	+0.0383
 907	 975.233	0.0943	0.0738	+0.0206
 908	 975.267	0.0648	0.1394	-0.0747
 909	 975.300	0.0408	0.1361	-0.0953
 910	 975.333	0.5056	0.1197	+0.3860
 911	 975.367	0.5052	0.1229	+0.3823
 912	 975.400	0.0820	0.1358	-0.0538
 913	 975.433	0.0631	0.1530	-0.0900
 914	 975.467	0.0857	0.3021	-0.2164
 915	 975.500	0.1001	0.3240	-0.2239
 916	 975.533	0.7931	0.5000	+0.2931
 917	 975.567	0.0939	0.9940	-0.9001
 918	 975.600	0.0549	0.9939	-0.9389
 919	 975.633	0.0552	1.0000	-0.9448
 920	 975.667	0.0370	0.0984	-0.0614
 921	 975.700	0.0255	0.1710	-0.1456
 922	 975.733	0.0788	0.0612	+0.0176
 923	 975.767	0.0829	0.1854	-0.1025
 924	 975.800	0.7883	0.2752	+0.5132
 925	 975.833	0.1078	1.0000	-0.8922
 926	 975.867	0.1053	0.1134	-0.0081
 927	 975.900	0.0954	1.0000	-0.9046
 928	 975.933	0.0736	1.0000	-0.9264
 929	 975.967	0.0692	0.2912	-0.2220
 930	 976.000	0.6082	0.2284	+0.3799
 931	 976.033	0.0178	1.0000	-0.9822
 932	 976.067	0.0111	0.9391	-0.9280
 933	 976.100	0.6074	1.0000	-0.3926
 934	 976.133	0.0546	0.1826	-0.1280
 935	 976.167	0.0386	0.1196	-0.0810
 936	 976.200	0.1199	0.1781	-0.0582
 937	 976.233	0.0554	0.0720	-0.0167
 938	 976.267	0.7679	0.0574	+0.7105
 939	 976.300	0.0774	0.0361	+0.0413
 940	 976.333	0.0825	0.0534	+0.0291
 941	 976.367	0.0573	0.0688	-0.0115
 942	 976.400	0.1009	0.0784	+0.0225
 943	 976.433	0.0422	0.1237	-0.0815
 944	 976.467	0.0354	0.0844	-0.0490
 945	 976.500	0.0204	0.1421	-0.1216
 946	 976.533	0.0287	0.0955	-0.0668
 947	 976.567	0.0365	0.1114	-0.0749
 948	 976.600	0.0327	0.1497	-0.1170
 949	 976.633	0.0411	0.0951	-0.0540
 950	 976.667	0.0672	0.1449	-0.0777
 951	 976.700	0.0404	0.1828	-0.1424
 952	 976.733	0.0418	0.1429	-0.1011
 953	 976.767	0.0235	0.0715	-0.0480
 954	 976.800	0.0535	0.0932	-0.0397
 955	 976.833	0.0398	0.1361	-0.0963
 956	 976.867	0.0183	0.1884	-0.1701
 957	 976.900	0.0443	0.2632	-0.2188
 958	 976.933	0.0173	0.1634	-0.1461
 959	 976.967	0.0534	0.2131	-0.1597
 960	 977.000	0.0446	0.1147	-0.0701
 961	 977.033	0.0299	0.2336	-0.2036
 962	 977.067	0.0545	0.3263	-0.2719
 963	 977.100	0.0248	1.0000	-0.9752
 964	 977.133	0.0462	1.0000	-0.9538
 965	 977.167	0.0259	0.1760	-0.1501
 966	 977.200	0.0316	1.0000	-0.9684
 967	 977.233	0.0224	0.2080	-0.1856
 968	 977.267	0.0423	0.2131	-0.1708
 969	 977.300	0.0523	0.2116	-0.1593
 970	 977.333	0.0254	0.0867	-0.0612
 971	 977.367	0.0191	0.7650	-0.7458
 972	 977.400	0.0216	0.2672	-0.2456
 973	 977.433	0.0233	0.0827	-0.0594
 974	 977.467	0.0262	0.0595	-0.0333
 975	 977.500	0.0141	0.1899	-0.1757
 976	 977.533	0.0452	0.0764	-0.0312
 977	 977.567	0.0146	0.7236	-0.7091
 978	 977.600	0.0210	0.3003	-0.2793
 979	 977.633	0.0449	0.2653	-0.2204
 980	 977.667	0.0122	0.3046	-0.2924
 981	 977.700	0.0084	0.6229	-0.6145
 982	 977.733	0.0404	0.3653	-0.3249
 983	 977.767	0.0563	0.4570	-0.4007
 984	 977.800	0.0122	0.8552	-0.8430
 985	 977.833	0.0427	1.0000	-0.9573
 986	 977.867	0.0071	0.5319	-0.5247
 987	 977.900	0.0092	0.2101	-0.2008
 988	 977.933	0.0410	0.1483	-0.1073
 989	 977.967	0.0387	0.2104	-0.1717
 990	 978.000	0.0314	0.2401	-0.2086
 991	 978.033	0.0107	0.1987	-0.1880
 992	 978.067	0.0219	0.2043	-0.1824
 993	 978.100	0.0205	0.2123	-0.1918
 994	 978.133	0.0335	0.2422	-0.2086
 995	 978.167	0.0213	0.0695	-0.0482
 996	 978.200	0.0136	0.1970	-0.1834
 997	 978.233	0.0506	0.1693	-0.1187
 998	 978.267	0.0115	0.1456	-0.1341
 999	 978.300	0.0606	0.0990	-0.0384
1000	 978.333	0.0142	0.0896	-0.0755
1001	 978.367	0.0171	0.1368	-0.1197
1002	 978.400	0.0125	0.0747	-0.0621
1003	 978.433	0.0141	0.0830	-0.0688
1004	 978.467	0.0205	0.0704	-0.0499
1005	 978.500	0.0282	0.0702	-0.0420
1006	 978.533	0.0437	0.0355	+0.0082
1007	 978.567	0.0608	0.0810	-0.0201
1008	 978.600	0.0501	0.1097	-0.0596
1009	 978.633	0.0293	0.1017	-0.0724
1010	 978.667	0.0205	0.1093	-0.0887
1011	 978.700	0.0315	0.0797	-0.0481
1012	 978.733	0.0473	0.2436	-0.1963
1013	 978.767	0.0306	0.1887	-0.1581
1014	 978.800	0.0791	0.2952	-0.2161
1015	 978.833	0.0426	0.1914	-0.1488
1016	 978.867	0.0423	1.0000	-0.9577
1017	 978.900	0.0276	1.0000	-0.9724
1018	 978.933	0.4618	1.0000	-0.5382
1019	 978.967	0.0186	0.3510	-0.3324
1020	 979.000	0.0219	0.2809	-0.2590
1021	 979.033	0.4753	0.3883	+0.0870
1022	 979.067	0.0381	0.4107	-0.3725
1023	 979.100	0.4540	0.1780	+0.2760
1024	 979.133	0.4625	0.2424	+0.2202
1025	 979.167	0.4332	0.5727	-0.1395
1026	 979.200	0.0459	0.1581	-0.1122
1027	 979.233	0.0406	0.1657	-0.1251
1028	 979.267	0.0153	0.1188	-0.1035
1029	 979.300	0.4558	0.2073	+0.2485
1030	 979.333	0.0180	0.1640	-0.1460
1031	 979.367	0.4495	0.1408	+0.3088
1032	 979.400	0.4385	0.1731	+0.2654
1033	 979.433	0.0075	0.6890	-0.6815
1034	 979.467	0.4499	0.7183	-0.2684
1035	 979.500	0.4532	0.1158	+0.3374
1036	 979.533	0.4541	0.0389	+0.4153
1037	 979.567	0.0326	0.1849	-0.1523
1038	 979.600	0.0084	0.0301	-0.0217
1039	 979.633	0.0464	0.1166	-0.0703
1040	 979.667	0.0152	0.1383	-0.1231
1041	 979.700	0.0050	0.6948	-0.6899
1042	 979.733	0.0087	0.1021	-0.0934
1043	 979.767	0.0096	0.6784	-0.6688
1044	 979.800	0.0589	0.6565	-0.5976
1045	 979.833	0.0103	0.6666	-0.6562
1046	 979.867	0.0116	0.1239	-0.1123
1047	 979.900	0.4484	0.6672	-0.2188
1048	 979.933	0.0228	0.8295	-0.8067
1049	 979.967	0.0030	1.0000	-0.9970
1050	 980.000	0.0067	0.0439	-0.0372
1051	 980.033	0.0091	0.6403	-0.6312
1052	 980.067	0.0220	0.2853	-0.2633
1053	 980.100	0.4352	0.9612	-0.5260
1054	 980.133	0.0063	0.2458	-0.2396
1055	 980.167	0.0280	0.1109	-0.0829
1056	 980.200	0.0619	0.9793	-0.9175
1057	 980.233	0.4519	0.3224	+0.1295
1058	 980.267	0.4467	0.3952	+0.0516
1059	 980.300	0.4543	0.7488	-0.2946
1060	 980.333	0.4521	0.6081	-0.1561
1061	 980.367	0.0208	0.4936	-0.4728
1062	 980.400	0.4466	0.7809	-0.3343
1063	 980.433	0.4502	0.5181	-0.0679
1064	 980.467	0.0117	0.6553	-0.6436
1065	 980.500	0.0086	0.3369	-0.3283
1066	 980.533	0.0072	0.2981	-0.2910
1067	 980.567	0.0509	0.9457	-0.8949
1068	 980.600	0.4501	0.0677	+0.3823
1069	 980.633	0.0403	0.0750	-0.0347
1070	 980.667	0.0392	0.0960	-0.0568
1071	 980.700	0.0409	0.0978	-0.0569
1072	 980.733	0.0112	0.1628	-0.1516
1073	 980.767	0.4451	0.1161	+0.3290
1074	 980.800	0.0074	0.1337	-0.1263
1075	 980.833	0.4474	0.0834	+0.3639
1076	 980.867	0.0222	0.1100	-0.0878
1077	 980.900	0.7469	0.1263	+0.6206
1078	 980.933	0.0219	0.0894	-0.0674
1079	 980.967	0.0533	0.0953	-0.0420
1080	 981.000	0.0220	0.0414	-0.0194
1081	 981.033	0.0160	0.0549	-0.0390
1082	 981.067	0.7729	0.0647	+0.7082
1083	 981.100	0.0304	0.0724	-0.0419
1084	 981.133	0.0349	0.1558	-0.1209
1085	 981.167	0.0155	0.1759	-0.1604
1086	 981.200	0.0347	0.0580	-0.0234
1087	 981.233	0.0524	0.0733	-0.0209
1088	 981.267	0.7493	0.0663	+0.6830
1089	 981.300	0.0667	0.0636	+0.0031
1090	 981.333	0.0593	0.1069	-0.0476
1091	 981.367	0.0556	0.0900	-0.0344
1092	 981.400	0.0702	0.0544	+0.0158
1093	 981.433	0.6081	0.0859	+0.5222
1094	 981.467	0.6003	0.1657	+0.4346
1095	 981.500	0.0745	0.0630	+0.0114
1096	 981.533	0.0734	0.0685	+0.0049
1097	 981.567	0.0790	0.0609	+0.0181
1098	 981.600	0.7474	0.0910	+0.6564
1099	 981.633	0.0413	0.0973	-0.0560
1100	 981.667	0.0252	0.0467	-0.0215
1101	 981.700	0.0225	0.0828	-0.0603
1102	 981.733	0.0311	0.0609	-0.0298
1103	 981.767	0.0695	0.0592	+0.0102
1104	 981.800	0.0492	0.0816	-0.0324
1105	 981.833	0.0509	0.0490	+0.0018
1106	 981.867	0.7203	0.1233	+0.5970
1107	 981.900	0.6290	0.0285	+0.6005
1108	 981.933	0.0207	0.0316	-0.0108
1109	 981.967	0.0220	0.0161	+0.0060
1110	 982.000	0.6176	0.0128	+0.6048
1111	 982.033	0.7289	0.0114	+0.7176
1112	 982.067	0.0512	0.0349	+0.0163
1113	 982.100	0.0412	0.1002	-0.0590
1114	 982.133	0.0420	0.0864	-0.0444
1115	 982.167	0.0348	0.0159	+0.0189
1116	 982.200	0.0498	0.0318	+0.0180
1117	 982.233	0.0557	0.0599	-0.0042
1118	 982.267	0.0454	0.0176	+0.0278
1119	 982.300	0.0331	0.0205	+0.0126
1120	 982.333	0.0683	0.0167	+0.0516
1121	 982.367	0.6874	0.0204	+0.6670
1122	 982.400	0.1236	0.0435	+0.0801
1123	 982.433	0.0915	0.0380	+0.0534
1124	 982.467	0.0497	0.0375	+0.0123
1125	 982.500	0.5236	0.0301	+0.4935
1126	 982.533	0.0401	0.0490	-0.0089
1127	 982.567	0.0584	0.0215	+0.0369
1128	 982.600	0.0453	0.0185	+0.0267
1129	 982.633	0.4955	0.0175	+0.4781
1130	 982.667	0.0455	0.0699	-0.0244
1131	 982.700	0.0451	0.0622	-0.0171
1132	 982.733	0.0493	0.0866	-0.0373
1133	 982.767	0.6361	0.0606	+0.5754
1134	 982.800	0.0783	0.0854	-0.0071
1135	 982.833	0.0905	0.0362	+0.0543
1136	 982.867	0.0766	0.0152	+0.0614
1137	 982.900	0.1017	0.0124	+0.0893
1138	 982.933	0.0876	0.0178	+0.0699
1139	 982.967	0.0512	0.0751	-0.0239
1140	 983.000	0.7133	0.0322	+0.6810
1141	 983.033	0.8747	0.0205	+0.8542
1142	 983.067	0.5225	0.0277	+0.4948
1143	 983.100	0.0511	0.0628	-0.0117
1144	 983.133	0.0627	0.0592	+0.0035
1145	 983.167	0.0447	0.0839	-0.0391
1146	 983.200	0.0451	0.0285	+0.0167
1147	 983.233	0.0582	0.0381	+0.0200
1148	 983.267	0.0328	0.0423	-0.0096
1149	 983.300	0.0578	0.0384	+0.0194
1150	 983.333	0.4265	0.0500	+0.3765
1151	 983.367	0.1190	0.0494	+0.0696
1152	 983.400	0.0827	0.0601	+0.0226
1153	 983.433	0.0531	0.0538	-0.0007
1154	 983.467	0.0636	0.1035	-0.0398
1155	 983.500	0.0901	0.1854	-0.0953
1156	 983.533	0.4562	0.0950	+0.3612
1157	 983.567	0.1111	0.0411	+0.0700
1158	 983.600	0.6894	0.0493	+0.6402
1159	 983.633	0.7031	0.0467	+0.6564
1160	 983.667	0.0653	0.0548	+0.0105
1161	 983.700	0.0361	0.0674	-0.0312
1162	 983.733	0.0243	0.0387	-0.0144
1163	 983.767	0.0257	0.0386	-0.0129
1164	 983.800	0.0309	0.0573	-0.0264
1165	 983.833	0.0305	0.0453	-0.0148
1166	 983.867	0.0435	0.0771	-0.0337
1167	 983.900	0.0263	0.0381	-0.0117
1168	 983.933	0.8287	0.1112	+0.7176
1169	 983.967	0.0760	0.0724	+0.0035
1170	 984.000	0.0557	0.0514	+0.0043
1171	 984.033	0.0753	0.0634	+0.0119
1172	 984.067	0.0846	0.0692	+0.0154
1173	 984.100	0.4586	0.1003	+0.3583
1174	 984.133	0.0653	0.0545	+0.0108
1175	 984.167	0.7111	0.0917	+0.6195
1176	 984.200	0.0846	0.0714	+0.0132
1177	 984.233	0.0416	0.0972	-0.0555
1178	 984.267	0.0302	0.0505	-0.0203
1179	 984.300	0.0448	0.0362	+0.0086
1180	 984.333	0.0494	0.0539	-0.0045
1181	 984.367	0.5414	0.0936	+0.4478
1182	 984.400	0.0331	0.0729	-0.0398
1183	 984.433	0.0724	0.0529	+0.0195
1184	 984.467	0.0200	0.0541	-0.0341
1185	 984.500	0.0590	0.0667	-0.0077
1186	 984.533	0.0171	0.0441	-0.0270
1187	 984.567	0.0508	0.0265	+0.0243
1188	 984.600	0.0199	0.1248	-0.1050
1189	 984.633	0.5239	0.0889	+0.4349
1190	 984.667	0.0313	0.0177	+0.0135
1191	 984.700	0.0630	0.0189	+0.0441
1192	 984.733	0.0464	0.0807	-0.0344
1193	 984.767	0.5379	0.0123	+0.5256
1194	 984.800	0.0258	0.0116	+0.0142
1195	 984.833	0.5439	0.0353	+0.5086
1196	 984.867	0.5308	0.0116	+0.5192
1197	 984.900	0.0271	0.0074	+0.0197
1198	 984.933	0.0143	0.0146	-0.0002
1199	 984.967	0.0155	0.0773	-0.0619
